1 0 0 0, 0 1 0 0, 0 0 1 0, 0 0 0 1
1 1.117749E-05 0.0001148775 -0.0001246869, -1.105746E-05 0.9999995 -0.001044834 0.006405826, -0.0001148892 0.001044833 0.9999995 -0.008207622, 0 0 0 1
1 -5.926792E-06 6.135897E-05 0.0003879603, 5.967801E-06 0.9999998 -0.0006683696 0.004501465, -6.135499E-05 0.0006683699 0.9999998 -0.005113252, 0 0 0 1
1 3.272255E-05 0.0001902618 -0.001743534, -3.257603E-05 0.9999997 -0.0007700454 0.004906432, -0.0001902869 0.0007700392 0.9999997 -0.00640649, 0 0 0 1
1 2.998397E-05 4.688497E-05 0.0004415988, -2.995117E-05 0.9999998 -0.0006994113 0.004272766, -4.690593E-05 0.0006994099 0.9999998 -0.005936511, 0 0 0 1
1 -6.168872E-06 4.090943E-05 0.0009659314, 6.194844E-06 0.9999998 -0.000634927 0.003892737, -4.09055E-05 0.0006349273 0.9999998 -0.005791164, 0 0 0 1
1 7.929734E-06 9.199358E-05 -6.635902E-05, -7.870991E-06 0.9999998 -0.0006385341 0.003841936, -9.199862E-05 0.0006385334 0.9999998 -0.005708449, 0 0 0 1
1 5.684194E-07 6.736068E-05 0.0001449149, -5.282294E-07 0.9999998 -0.0005966386 0.003468209, -6.736101E-05 0.0005966385 0.9999998 -0.005656058, 0 0 0 1
1 1.11023E-05 0.0001027677 -0.00043318, -1.103776E-05 0.9999998 -0.000628077 0.003639547, -0.0001027747 0.0006280759 0.9999998 -0.005808091, 0 0 0 1
1 1.966635E-05 4.869496E-05 0.0005755069, -1.963705E-05 0.9999998 -0.0006014983 0.003662599, -4.870678E-05 0.0006014974 0.9999998 -0.005689146, 0 0 0 1
1 -1.672093E-05 7.135504E-05 0.0006589264, 1.676548E-05 0.9999998 -0.000624363 0.003519325, -7.134458E-05 0.0006243641 0.9999998 -0.00579733, 0 0 0 1
1 4.161399E-06 8.513953E-05 3.705857E-05, -4.11224E-06 0.9999998 -0.0005773827 0.003268993, -8.514192E-05 0.0005773823 0.9999998 -0.005583359, 0 0 0 1
1 1.220889E-05 9.346323E-05 -0.0003663455, -1.214944E-05 0.9999998 -0.0006360165 0.003787313, -9.347098E-05 0.0006360154 0.9999998 -0.005914825, 0 0 0 1
1 3.346601E-06 5.365094E-05 0.0003560361, -3.318274E-06 0.9999999 -0.0005279914 0.002789335, -5.36527E-05 0.0005279913 0.9999999 -0.005286373, 0 0 0 1
1 -1.514376E-06 9.023851E-05 -0.0001266254, 1.573403E-06 0.9999998 -0.0006541191 0.003861603, -9.02375E-05 0.0006541192 0.9999998 -0.005885691, 0 0 0 1
1 -7.632122E-06 4.809277E-05 0.0007576207, 7.663184E-06 0.9999998 -0.000645914 0.004048061, -4.808783E-05 0.0006459144 0.9999998 -0.005683787, 0 0 0 1
0.9999999 1.179963E-05 0.0002627657 -0.0001579064, -1.190624E-05 0.9999999 0.0004056947 -0.003544822, -0.0002627608 -0.0004056979 0.9999999 -0.005842545, 0 0 0 1
0.9999999 0.0001636635 0.0003576712 0.00823088, -0.0001655799 0.9999856 0.005364444 -0.0402381, -0.0003567881 -0.005364502 0.9999856 -0.009252824, 0 0 0 1
1 -0.0001855477 9.555844E-05 0.01608419, 0.0001853274 0.9999973 0.002299831 -0.01401106, -9.598491E-05 -0.002299814 0.9999974 -0.009921203, 0 0 0 1
0.9999999 -0.0002755802 -0.0002501956 0.01802359, 0.0002758784 0.9999992 0.001192716 -0.006032109, 0.0002498667 -0.001192785 0.9999993 -0.005920046, 0 0 0 1
0.9999998 -0.0002684474 -0.0006702904 0.0234373, 0.0002681077 0.9999998 -0.0005068202 0.009029998, 0.0006704264 0.0005066404 0.9999996 0.0006056204, 0 0 0 1
0.9999999 -0.0002771453 -0.0002375064 0.03964105, 0.0002778424 0.9999956 0.002940196 -0.01574712, 0.0002366905 -0.002940262 0.9999956 -0.01488816, 0 0 0 1
0.9999959 -0.0007255329 -0.002774923 0.07201522, 0.0007421918 0.9999817 0.006007073 -0.03508119, 0.002770514 -0.006009108 0.9999781 -0.002013111, 0 0 0 1
0.9999854 -0.0008254014 -0.005338039 0.1147441, 0.0008521457 0.9999871 0.005009801 -0.02355321, 0.005333835 -0.005014276 0.9999732 0.02304791, 0 0 0 1
0.9999676 -0.001264055 -0.007945105 0.1712747, 0.001289133 0.9999942 0.003152051 -0.005901354, 0.007941075 -0.003162191 0.9999635 0.04319502, 0 0 0 1
0.9999501 -0.002080179 -0.009767573 0.2050096, 0.002118442 0.9999901 0.003908586 -0.009555841, 0.009759346 -0.003929083 0.9999447 0.0475005, 0 0 0 1
0.9998839 -0.002810392 -0.01497276 0.2988156, 0.002869285 0.9999882 0.003913314 -0.0003826942, 0.01496158 -0.003955821 0.9998803 0.08104353, 0 0 0 1
0.9998596 -0.002882625 -0.01650481 0.3067806, 0.00291954 0.9999933 0.002212943 0.008576556, 0.01649832 -0.002260819 0.9998614 0.1089078, 0 0 0 1
0.9999135 -0.002902616 -0.01283351 0.3091165, 0.002948926 0.9999892 0.003591095 -0.005474116, 0.01282295 -0.003628629 0.9999112 0.04972118, 0 0 0 1
0.9997646 -0.004737109 -0.02117561 0.4602056, 0.004820459 0.9999808 0.003886837 0.009177131, 0.02115679 -0.003987998 0.9997682 0.08064315, 0 0 0 1
0.9994154 -0.004427141 -0.0339007 0.6322895, 0.004652292 0.9999676 0.006565523 -0.008795962, 0.03387053 -0.006719401 0.9994037 0.07174876, 0 0 0 1
0.9988235 -0.004256415 -0.04830532 0.8134496, 0.004699719 0.9999478 0.009067263 -0.02096947, 0.04826421 -0.009283616 0.9987915 0.08162435, 0 0 0 1
0.9981325 -0.003652223 -0.06097603 1.009689, 0.004347364 0.999927 0.01127146 -0.03912623, 0.06093041 -0.01151549 0.9980756 0.08603992, 0 0 0 1
0.9976022 -0.003474793 -0.06912214 1.181261, 0.00450938 0.9998801 0.01481712 -0.06749197, 0.06906237 -0.01509329 0.9974982 0.04695119, 0 0 0 1
0.9969459 -0.002885944 -0.0780426 1.284246, 0.004230679 0.9998453 0.01707094 -0.08314623, 0.07798127 -0.01734898 0.9968039 0.02864362, 0 0 0 1
0.9958413 -0.002391578 -0.09107418 1.513082, 0.004123856 0.999814 0.01883709 -0.10331, 0.09101219 -0.01913433 0.9956659 0.04099911, 0 0 0 1
0.9947389 -0.002900087 -0.1024019 1.723175, 0.004752197 0.9998294 0.01784736 -0.09214453, 0.1023326 -0.0182401 0.994583 0.0576257, 0 0 0 1
0.9940554 -0.003081273 -0.1088312 1.844779, 0.00488735 0.9998547 0.01633237 -0.08460793, 0.1087651 -0.01676718 0.993926 0.01352902, 0 0 0 1
0.992589 -0.003262635 -0.1214762 1.985841, 0.004945209 0.9998959 0.01355216 -0.06480899, 0.1214193 -0.01405245 0.9925019 0.05492165, 0 0 0 1
0.9909427 -0.003513334 -0.1342394 2.220963, 0.006293838 0.9997742 0.02029428 -0.10046, 0.1341378 -0.02095535 0.9907411 0.0050885, 0 0 0 1
0.9894673 -0.0013477 -0.1447505 2.318494, 0.004155707 0.999809 0.01909834 -0.105476, 0.1446971 -0.01949872 0.9892839 0.022756, 0 0 0 1
0.9879111 -0.001184159 -0.1550169 2.453612, 0.004204588 0.9998076 0.0191581 -0.1068396, 0.1549644 -0.01957828 0.987726 0.02762499, 0 0 0 1
0.9878639 -0.001900528 -0.1553105 2.554756, 0.004314852 0.999875 0.01520951 -0.08068604, 0.1552622 -0.01569506 0.9877486 -0.1184168, 0 0 0 1
0.9869289 0.0002840124 -0.1611559 2.715285, 0.003038491 0.9997879 0.02036988 -0.1241365, 0.1611275 -0.02059329 0.9867187 -0.1730944, 0 0 0 1
0.9848447 -0.0002476134 -0.173438 2.876612, 0.003867704 0.9997817 0.02053488 -0.1218123, 0.1733951 -0.02089448 0.9846307 -0.1489243, 0 0 0 1
0.9831995 0.0004115969 -0.1825338 2.983838, 0.002886669 0.9998373 0.01780329 -0.1115714, 0.1825114 -0.0180311 0.9830384 -0.1573663, 0 0 0 1
0.9812812 -0.0004305718 -0.1925798 3.079982, 0.004247806 0.9998026 0.01940912 -0.1115891, 0.1925334 -0.01986385 0.9810894 -0.1430375, 0 0 0 1
0.9799485 -0.00117851 -0.1992472 3.184827, 0.004527318 0.9998561 0.01635254 -0.07816917, 0.1991993 -0.01692671 0.9798128 -0.1490631, 0 0 0 1
0.977584 -6.252532E-05 -0.2105457 3.34256, 0.003721531 0.9998488 0.01698251 -0.08747816, 0.2105128 -0.01738538 0.9774365 -0.137075, 0 0 0 1
0.9755398 -6.812387E-05 -0.2198227 3.48372, 0.003499142 0.999878 0.01521879 -0.0772522, 0.2197949 -0.01561573 0.9754211 -0.1569996, 0 0 0 1
0.9742112 0.001575893 -0.2256326 3.573146, 0.003045188 0.9997927 0.02013106 -0.1217274, 0.2256175 -0.02029899 0.9740044 -0.2078248, 0 0 0 1
0.972859 0.0005782032 -0.2313983 3.675627, 0.00459405 0.9997515 0.02181271 -0.1296131, 0.2313534 -0.02228374 0.9726145 -0.2228098, 0 0 0 1
0.9709863 -1.058625E-05 -0.2391351 3.780824, 0.005100835 0.9997734 0.02066722 -0.1127176, 0.2390807 -0.02128738 0.9707664 -0.2340636, 0 0 0 1
0.9682858 -0.0003326093 -0.2498451 4.005557, 0.006428498 0.9997012 0.02358307 -0.1307901, 0.2497626 -0.02444128 0.9679986 -0.1832545, 0 0 0 1
0.9686131 0.0005216513 -0.2485726 4.025248, 0.004952431 0.9997588 0.02139622 -0.1228181, 0.2485238 -0.0219557 0.9683769 -0.2035014, 0 0 0 1
0.967865 9.735168E-05 -0.2514703 4.151784, 0.005611776 0.9997425 0.02198577 -0.1244813, 0.2514077 -0.02269045 0.9676152 -0.1872642, 0 0 0 1
0.9681662 0.0005003124 -0.2503079 4.172716, 0.005329363 0.9997301 0.0226117 -0.1355745, 0.2502516 -0.02322586 0.9679022 -0.2103054, 0 0 0 1
0.965538 -0.000465073 -0.2602617 4.374596, 0.005624653 0.9998021 0.01908016 -0.1100015, 0.2602014 -0.0198865 0.9653496 -0.2058864, 0 0 0 1
0.962114 -0.001078513 -0.2726455 4.480791, 0.008127673 0.9996612 0.02472661 -0.135783, 0.2725265 -0.0260058 0.9617968 -0.1254467, 0 0 0 1
0.9603277 0.0001135752 -0.278874 4.626544, 0.006807676 0.9996924 0.02384998 -0.1383626, 0.2787909 -0.02480228 0.9600315 -0.1682179, 0 0 0 1
0.9603704 -0.0004943183 -0.2787265 4.784114, 0.009086621 0.9995224 0.0295359 -0.1611632, 0.2785788 -0.03089808 0.9599162 -0.2626732, 0 0 0 1
0.9604703 -0.0008419298 -0.2783813 4.802813, 0.00946967 0.9995155 0.02964932 -0.159519, 0.2782215 -0.03111347 0.9600129 -0.2632053, 0 0 0 1
0.9612154 0.00130156 -0.2757958 4.866694, 0.004932825 0.9997478 0.0219102 -0.1371945, 0.2757547 -0.02242087 0.9609665 -0.3731702, 0 0 0 1
0.9613155 5.717975E-05 -0.2754496 4.906992, 0.006930229 0.9996784 0.02439393 -0.1380372, 0.2753624 -0.02535919 0.961006 -0.3962455, 0 0 0 1
0.9607641 -0.0002773937 -0.2773666 4.935346, 0.007852655 0.9996259 0.02620091 -0.1480205, 0.2772556 -0.02735096 0.9604068 -0.3766531, 0 0 0 1
0.9597802 0.002206634 -0.280744 4.982571, 0.004565318 0.9997143 0.02346517 -0.1565826, 0.2807155 -0.02380309 0.9594958 -0.4003316, 0 0 0 1
0.9570882 0.001144666 -0.2897947 5.106051, 0.006509408 0.999655 0.02544681 -0.1570971, 0.2897238 -0.02624123 0.9567505 -0.3533563, 0 0 0 1
0.9540668 0.002049861 -0.2995869 5.213969, 0.006737056 0.9995769 0.02829428 -0.1816245, 0.2995181 -0.02901297 0.9536494 -0.316575, 0 0 0 1
0.9522572 0.002697001 -0.3052849 5.258528, 0.006637352 0.9995418 0.02953382 -0.1851356, 0.3052247 -0.03015008 0.951803 -0.3037244, 0 0 0 1
0.950248 0.002353479 -0.3114855 5.372378, 0.007153488 0.9995428 0.02937533 -0.1814721, 0.3114123 -0.03014206 0.9497967 -0.274094, 0 0 0 1
0.9478166 0.0009997062 -0.3188146 5.450348, 0.01069153 0.999333 0.03491888 -0.1994675, 0.3186369 -0.03650531 0.9471737 -0.2305074, 0 0 0 1
0.9473515 0.001404439 -0.3201926 5.452638, 0.01084402 0.999276 0.03646718 -0.2081978, 0.320012 -0.03801941 0.9466503 -0.281922, 0 0 0 1
0.9450092 0.002732465 -0.3270325 5.542461, 0.008275514 0.9994451 0.03226403 -0.1858962, 0.3269392 -0.03319616 0.9444622 -0.2640789, 0 0 0 1
0.9413876 0.004093067 -0.3373021 5.618846, 0.009298974 0.9992315 0.03807821 -0.2168138, 0.3371987 -0.03898292 0.940626 -0.2164784, 0 0 0 1
0.9401361 0.003582924 -0.3407804 5.666501, 0.009537862 0.9992765 0.03681908 -0.1992634, 0.3406657 -0.03786526 0.9394217 -0.2195561, 0 0 0 1
0.9381618 0.003707969 -0.3461773 5.746371, 0.01057305 0.9991693 0.0393559 -0.2114043, 0.3460357 -0.04058235 0.9373432 -0.2226902, 0 0 0 1
0.9349229 0.003308451 -0.3548356 5.897419, 0.01188411 0.9991037 0.04062787 -0.2176282, 0.354652 -0.04220083 0.9340456 -0.2785374, 0 0 0 1
0.9320838 0.004695686 -0.3622122 5.969179, 0.01094829 0.999094 0.04112549 -0.2276049, 0.3620771 -0.04229802 0.931188 -0.2803112, 0 0 0 1
0.9275553 0.005730927 -0.3736419 6.064299, 0.009944601 0.9991497 0.04001216 -0.2222903, 0.3735535 -0.04082921 0.9267097 -0.278516, 0 0 0 1
0.9246723 0.005221326 -0.3807281 6.169565, 0.009704007 0.999258 0.03727195 -0.201562, 0.3806402 -0.03815893 0.9239355 -0.2537855, 0 0 0 1
0.9208245 0.005913578 -0.3899325 6.280728, 0.01135312 0.9990547 0.04196166 -0.2243274, 0.3898121 -0.04306627 0.9198869 -0.1837361, 0 0 0 1
0.9191197 0.007623617 -0.3939047 6.330306, 0.009190515 0.9991258 0.04078178 -0.2302076, 0.3938713 -0.04110352 0.9182461 -0.2182879, 0 0 0 1
0.9138715 0.006811492 -0.4059464 6.478516, 0.01108585 0.9990678 0.04172026 -0.2175143, 0.4058521 -0.04262722 0.9129441 -0.1465819, 0 0 0 1
0.9080569 0.006789308 -0.4187918 6.621931, 0.01217668 0.9990181 0.04259817 -0.2145472, 0.4186698 -0.04378105 0.9070826 -0.05979676, 0 0 0 1
0.9036834 0.00783416 -0.4281297 6.721589, 0.01197571 0.9989792 0.04355785 -0.2153405, 0.4280339 -0.04448966 0.902667 -0.01719805, 0 0 0 1
0.8972504 0.008886383 -0.4414326 6.793404, 0.01254563 0.9988806 0.04560834 -0.2301642, 0.4413437 -0.04646015 0.8961346 0.03270771, 0 0 0 1
0.8904095 0.009657135 -0.4550578 6.887004, 0.01334916 0.9987907 0.04731636 -0.2380741, 0.4549644 -0.04820558 0.8892039 0.06978557, 0 0 0 1
0.8823158 0.009797699 -0.4705558 7.096424, 0.01321475 0.9988735 0.04557642 -0.237739, 0.4704722 -0.04643107 0.8811924 0.1513087, 0 0 0 1
0.8719099 0.009980473 -0.4895647 7.201337, 0.01426394 0.9988503 0.04576693 -0.2240461, 0.4894586 -0.04688776 0.8707651 0.2682804, 0 0 0 1
0.8612674 0.0107211 -0.5080388 7.322939, 0.01504509 0.9988011 0.04658325 -0.2246458, 0.5079291 -0.04776413 0.8600736 0.3805107, 0 0 0 1
0.8550031 0.01115218 -0.5185031 7.360853, 0.01927951 0.9983943 0.05326547 -0.2598216, 0.5182645 -0.05553863 0.8534151 0.440666, 0 0 0 1
0.8425654 0.01238275 -0.5384517 7.395041, 0.01790221 0.9985394 0.0509766 -0.2421239, 0.5382965 -0.05259059 0.841113 0.6150447, 0 0 0 1
0.8292562 0.01448489 -0.5586809 7.343019, 0.01770537 0.9984814 0.05216786 -0.2469634, 0.5585881 -0.05315218 0.8277404 0.809622, 0 0 0 1
0.812254 0.01606177 -0.5830827 7.300634, 0.01434577 0.9987684 0.04749651 -0.2180287, 0.5831274 -0.046944 0.8110232 1.009477, 0 0 0 1
0.7930894 0.01865977 -0.6088193 7.255886, 0.01730113 0.9984372 0.05313885 -0.2456711, 0.6088594 -0.05267712 0.7915272 1.316542, 0 0 0 1
0.7698302 0.02084202 -0.6379084 7.238668, 0.01710698 0.9984338 0.05326604 -0.2417627, 0.6380195 -0.05191849 0.7682679 1.631224, 0 0 0 1
0.7437111 0.02479662 -0.6680412 7.152822, 0.01550362 0.9984033 0.05431886 -0.2441292, 0.6683214 -0.0507546 0.7421391 2.037136, 0 0 0 1
0.7195396 0.02710446 -0.6939223 7.157707, 0.01314115 0.9985277 0.05262855 -0.2504843, 0.6943271 -0.04698726 0.718124 2.406411, 0 0 0 1
0.6931871 0.02921939 -0.7201652 7.148424, 0.02097271 0.9979371 0.06067653 -0.2875488, 0.7204525 -0.057164 0.6911443 2.794729, 0 0 0 1
0.6663689 0.03177584 -0.7449448 7.024733, 0.02197404 0.9978206 0.06221857 -0.2873814, 0.7452983 -0.05782997 0.6642184 3.119989, 0 0 0 1
0.6411591 0.03332314 -0.7666842 6.976826, 0.02073381 0.9979399 0.0607136 -0.2670155, 0.7671279 -0.05482336 0.6391473 3.451183, 0 0 0 1
0.6216209 0.03586056 -0.7824969 6.858243, 0.02507034 0.997529 0.06563117 -0.269583, 0.782917 -0.06041517 0.6191858 3.712753, 0 0 0 1
0.5805876 0.03878577 -0.8132734 6.807528, 0.02912362 0.9972362 0.06835018 -0.280011, 0.8136767 -0.06336874 0.5778534 4.240782, 0 0 0 1
0.5365999 0.04236054 -0.8427729 6.773661, 0.0414453 0.9962108 0.07646137 -0.2822699, 0.8428184 -0.07595813 0.5328109 4.855667, 0 0 0 1
0.5070803 0.03683456 -0.8611113 6.720498, 0.02300972 0.9981518 0.05624622 -0.2042405, 0.8615916 -0.04833528 0.5052956 5.220128, 0 0 0 1
0.500495 0.03898424 -0.8648612 6.763323, 0.03097716 0.9975395 0.06289129 -0.2088876, 0.865185 -0.05826772 0.4980559 5.256949, 0 0 0 1
0.4923043 0.03924952 -0.8695378 6.806871, 0.02958952 0.9976508 0.06178497 -0.205149, 0.8699201 -0.05614622 0.4899864 5.296657, 0 0 0 1
0.484568 0.03986834 -0.8738446 6.817549, 0.03035726 0.9975927 0.06234806 -0.2030041, 0.8742267 -0.0567394 0.4821912 5.363328, 0 0 0 1
0.4791707 0.04019864 -0.8768008 6.879068, 0.03619613 0.9971959 0.06549954 -0.2004885, 0.8769751 -0.06312225 0.476372 5.357524, 0 0 0 1
0.4709573 0.04052845 -0.8812245 6.931967, 0.03873064 0.9970309 0.06655353 -0.1996754, 0.8813054 -0.06547425 0.4679893 5.41288, 0 0 0 1
0.4629672 0.04124834 -0.8854151 6.99613, 0.03579156 0.997232 0.06517223 -0.2037637, 0.8856525 -0.06186299 0.4602093 5.428516, 0 0 0 1
0.453543 0.04218559 -0.8902354 7.081913, 0.03575334 0.9972138 0.06547002 -0.2082426, 0.890517 -0.06152236 0.450771 5.444217, 0 0 0 1
0.4425363 0.04288855 -0.8957244 7.127437, 0.03707567 0.9971265 0.06606121 -0.2031414, 0.8959838 -0.06244407 0.4396746 5.496011, 0 0 0 1
0.4306165 0.04339603 -0.9014911 7.184142, 0.04062345 0.9968991 0.06739344 -0.1893599, 0.9016203 -0.06564241 0.4275183 5.561236, 0 0 0 1
0.4170763 0.04465537 -0.9077738 7.283487, 0.04246765 0.9967438 0.06854375 -0.1947776, 0.9078788 -0.06713899 0.4138218 5.678551, 0 0 0 1
0.4036466 0.04486927 -0.9138141 7.33979, 0.04110903 0.9968985 0.06710734 -0.1842154, 0.9139909 -0.06465366 0.4005502 5.758884, 0 0 0 1
0.3882216 0.04586613 -0.920424 7.368313, 0.04413102 0.9966896 0.06828039 -0.1854755, 0.9205088 -0.06712718 0.3849123 5.816891, 0 0 0 1
0.3830256 0.04804213 -0.9224876 7.335523, 0.04592419 0.9964214 0.07096069 -0.1962788, 0.9225954 -0.06954426 0.3794486 5.746962, 0 0 0 1
0.3701552 0.04948494 -0.927651 7.408223, 0.05008286 0.996065 0.0731187 -0.1944527, 0.9276189 -0.07352468 0.3662202 5.775587, 0 0 0 1
0.3502503 0.05120289 -0.9352556 7.484867, 0.04443767 0.996472 0.07119609 -0.200104, 0.9356014 -0.06649703 0.3467393 5.888802, 0 0 0 1
0.3359717 0.05387553 -0.94033 7.513304, 0.05202336 0.9957772 0.07563982 -0.2055642, 0.9404343 -0.07433196 0.3317501 5.936124, 0 0 0 1
0.3272071 0.05435138 -0.9433883 7.487676, 0.04828176 0.9960789 0.0741332 -0.2051675, 0.9437184 -0.06980536 0.3232999 5.950516, 0 0 0 1
0.3185637 0.05615195 -0.9462368 7.371641, 0.04671278 0.996101 0.07483751 -0.2186343, 0.9467497 -0.06804187 0.3146986 5.925115, 0 0 0 1
0.2937566 0.05929603 -0.9540393 7.268259, 0.04858802 0.9958576 0.0768558 -0.2217642, 0.9546446 -0.06893178 0.2896587 6.103892, 0 0 0 1
0.2773375 0.06150778 -0.9588017 7.289621, 0.04590976 0.9959603 0.07717112 -0.2371081, 0.9596751 -0.0654208 0.2733933 6.184689, 0 0 0 1
0.2580199 0.06212589 -0.9641401 7.262069, 0.04428113 0.9961212 0.07603701 -0.2240759, 0.9651243 -0.06231227 0.2542681 6.3339, 0 0 0 1
0.2357167 0.06335862 -0.9697543 7.175699, 0.04857054 0.9958574 0.07687002 -0.2121508, 0.9706073 -0.06522103 0.2316628 6.543546, 0 0 0 1
0.2081549 0.06482829 -0.9759451 6.966579, 0.04719731 0.9959729 0.07622516 -0.2142111, 0.9769565 -0.06192862 0.2042569 6.826029, 0 0 0 1
0.1655254 0.06819241 -0.9838451 6.721238, 0.0529632 0.9955522 0.07791456 -0.1908243, 0.9847823 -0.06500442 0.1611775 7.345845, 0 0 0 1
0.1433913 0.06962434 -0.987214 6.641837, 0.05627996 0.9953343 0.07837162 -0.1772414, 0.9880645 -0.06679817 0.1388038 7.532716, 0 0 0 1
0.1284001 0.07104269 -0.9891746 6.648748, 0.06041446 0.9950181 0.07930449 -0.1694841, 0.9898806 -0.06994315 0.1234684 7.642289, 0 0 0 1
0.1178128 0.07224403 -0.9904044 6.611781, 0.06414835 0.9947134 0.08018906 -0.1678429, 0.9909617 -0.07298011 0.1125557 7.723033, 0 0 0 1
0.1098464 0.07327488 -0.991244 6.630868, 0.05858362 0.9950678 0.0800496 -0.1867954, 0.9922206 -0.06686382 0.1050119 7.744184, 0 0 0 1
0.09981591 0.07411364 -0.9922419 6.635536, 0.0585449 0.9950569 0.08021331 -0.1910138, 0.9932821 -0.06609727 0.09498354 7.793338, 0 0 0 1
0.08842807 0.0740516 -0.9933261 6.658807, 0.05987582 0.9950343 0.07950921 -0.1753662, 0.9942814 -0.06650706 0.08355505 7.83681, 0 0 0 1
0.08232826 0.07551818 -0.99374 6.669279, 0.06199234 0.9948059 0.08073507 -0.172147, 0.9946753 -0.06825104 0.07721909 7.860827, 0 0 0 1
0.07075327 0.07485816 -0.9946809 6.700978, 0.06311424 0.994846 0.07935999 -0.16925, 0.9954951 -0.06839351 0.06566399 7.905575, 0 0 0 1
0.06232173 0.07521208 -0.9952182 6.738658, 0.06192547 0.9949439 0.0790692 -0.1724436, 0.9961331 -0.06655708 0.05734909 7.909476, 0 0 0 1
0.05045487 0.07672761 -0.9957747 6.728703, 0.0565842 0.9952234 0.07955219 -0.1897336, 0.9971221 -0.06035891 0.0458723 7.978506, 0 0 0 1
0.03964433 0.07756837 -0.9961985 6.757158, 0.06056665 0.9949626 0.07988241 -0.1774808, 0.9973766 -0.0635033 0.03474656 8.025126, 0 0 0 1
0.02604799 0.07856534 -0.9965686 6.72199, 0.06450516 0.9946972 0.08010382 -0.1639701, 0.9975774 -0.06637036 0.020842 8.087809, 0 0 0 1
0.01201303 0.08046748 -0.9966848 6.608207, 0.06521501 0.9945716 0.0810829 -0.1693565, 0.9977989 -0.06597287 0.006700127 8.128505, 0 0 0 1
0.0009659555 0.08253306 -0.9965879 6.418817, 0.06093038 0.9947318 0.08243841 -0.1949375, 0.9981415 -0.06080211 -0.004067904 8.159591, 0 0 0 1
-0.009826965 0.08426735 -0.9963947 6.205153, 0.05852276 0.9947833 0.08355389 -0.2125502, 0.9982377 -0.05749069 -0.01470726 8.178396, 0 0 0 1
-0.04038665 0.08598988 -0.9954771 5.97294, 0.06220703 0.9945737 0.08338809 -0.1897644, 0.9972458 -0.05855791 -0.04551667 8.418337, 0 0 0 1
-0.0623287 0.08780909 -0.9941854 5.772995, 0.05836656 0.9947381 0.08419872 -0.2034727, 0.9963475 -0.05277919 -0.06712585 8.565394, 0 0 0 1
-0.07530226 0.08614042 -0.9934331 5.687002, 0.06127042 0.994779 0.08161282 -0.1686855, 0.9952766 -0.05472244 -0.08018696 8.587433, 0 0 0 1
-0.08316917 0.08748773 -0.9926876 5.700694, 0.06552103 0.9944634 0.08215477 -0.1659658, 0.9943792 -0.05820917 -0.08844098 8.623793, 0 0 0 1
-0.09217997 0.09003837 -0.9916632 5.697027, 0.06375268 0.9943938 0.08436016 -0.1946803, 0.9936994 -0.05544487 -0.09740338 8.664373, 0 0 0 1
-0.1038451 0.08975171 -0.9905356 5.784195, 0.06251764 0.9945397 0.08356033 -0.1954229, 0.9926267 -0.05324861 -0.1088892 8.734347, 0 0 0 1
-0.1055809 0.09017195 -0.9903139 5.818819, 0.06544524 0.9943512 0.0835622 -0.1903634, 0.9922548 -0.05598876 -0.1108858 8.758742, 0 0 0 1
-0.1125808 0.09039418 -0.9895223 5.836208, 0.0615368 0.9945761 0.08385463 -0.2008873, 0.9917352 -0.05145162 -0.1175327 8.795833, 0 0 0 1
-0.1321382 0.09078135 -0.9870655 5.960287, 0.06304953 0.9945506 0.08302934 -0.1926849, 0.9892241 -0.05126267 -0.1371418 8.852478, 0 0 0 1
-0.1433523 0.09126595 -0.9854546 5.92087, 0.06189765 0.9946162 0.0831103 -0.1956892, 0.9877342 -0.04908327 -0.1482296 8.890463, 0 0 0 1
-0.1403434 0.0915603 -0.9858603 5.908528, 0.06214174 0.9945664 0.08352262 -0.1971545, 0.9881509 -0.04954122 -0.1452705 8.868549, 0 0 0 1
-0.1282041 0.09116349 -0.9875489 5.776466, 0.06658655 0.9943105 0.08314338 -0.1808574, 0.9895099 -0.05509816 -0.133545 8.741508, 0 0 0 1
-0.1219456 0.09283923 -0.9881853 5.729645, 0.06067074 0.9944512 0.08594093 -0.2265553, 0.9906808 -0.04947381 -0.1269015 8.498383, 0 0 0 1
-0.1394449 0.09454249 -0.9857063 5.633462, 0.0615864 0.9943327 0.08665744 -0.2294373, 0.9883128 -0.04862216 -0.1444771 8.568904, 0 0 0 1
-0.1520516 0.09506014 -0.9837906 5.586518, 0.06036499 0.9943991 0.08675538 -0.2292901, 0.9865274 -0.04619522 -0.1569383 8.605848, 0 0 0 1
-0.1748422 0.09479382 -0.9800226 5.519979, 0.06297486 0.9943932 0.08494873 -0.1994087, 0.9825805 -0.04686416 -0.1798315 8.739038, 0 0 0 1
-0.1964934 0.09603141 -0.9757911 5.390699, 0.06503101 0.9942774 0.08475552 -0.192166, 0.9783462 -0.04680278 -0.2016139 8.844782, 0 0 0 1
-0.2149954 0.09558612 -0.9719261 5.214989, 0.06474366 0.9944044 0.08347515 -0.1814452, 0.9744666 -0.04497928 -0.2199809 8.920134, 0 0 0 1
-0.2300563 0.09656722 -0.9683743 5.047036, 0.06081447 0.9945464 0.08472946 -0.2016585, 0.9712753 -0.03939863 -0.2346744 8.958327, 0 0 0 1
-0.2447585 0.09795171 -0.9646236 4.93666, 0.06165325 0.9944429 0.0853361 -0.2030941, 0.9676219 -0.03858545 -0.2494374 8.98457, 0 0 0 1
-0.2632071 0.098995 -0.9596468 4.903223, 0.06013258 0.9944706 0.08609449 -0.2132511, 0.9628635 -0.03504536 -0.2677045 9.039197, 0 0 0 1
-0.2766386 0.09887275 -0.9558741 4.911547, 0.06258301 0.994435 0.08474928 -0.1961217, 0.958934 -0.03637656 -0.2812868 9.133808, 0 0 0 1
-0.2835892 0.0991534 -0.9538059 4.905898, 0.05933239 0.9945486 0.0857479 -0.2168041, 0.9571086 -0.03227442 -0.2879262 9.101976, 0 0 0 1
-0.2952219 0.1000098 -0.9501801 4.899941, 0.05688431 0.9945821 0.08700931 -0.2334444, 0.9537339 -0.02836328 -0.2993114 9.142538, 0 0 0 1
-0.3031327 0.09878462 -0.9478144 4.919899, 0.0612343 0.9945762 0.08407418 -0.2006377, 0.9509789 -0.03255311 -0.3075376 9.163623, 0 0 0 1
-0.3124363 0.09945548 -0.9447181 4.927388, 0.0641113 0.9944444 0.0834876 -0.1848478, 0.9477728 -0.03448255 -0.3170767 9.178478, 0 0 0 1
-0.3259754 0.1001692 -0.9400565 4.942485, 0.06205992 0.9944932 0.08444981 -0.1972081, 0.943339 -0.03081127 -0.3303968 9.233315, 0 0 0 1
-0.3369356 0.1004039 -0.9361589 4.963216, 0.06259859 0.9944866 0.08412957 -0.1954828, 0.9394444 -0.03025598 -0.3413631 9.270853, 0 0 0 1
-0.3520679 0.09829879 -0.9307984 4.976005, 0.05964541 0.9948047 0.08249786 -0.1913144, 0.9340721 -0.026473 -0.3561019 9.311492, 0 0 0 1
-0.36506 0.09989075 -0.9256096 4.983481, 0.06469042 0.9945458 0.08181641 -0.1747298, 0.9287338 -0.03001018 -0.3695308 9.345489, 0 0 0 1
-0.3784271 0.1001208 -0.9202003 4.998284, 0.06443315 0.9945708 0.08171482 -0.1690162, 0.9233857 -0.02836831 -0.3828237 9.387101, 0 0 0 1
-0.3898237 0.1020441 -0.9152183 4.960046, 0.07443953 0.994081 0.07913063 -0.1340978, 0.9178759 -0.03728142 -0.3951125 9.424402, 0 0 0 1
-0.3979625 0.1026317 -0.9116428 4.880171, 0.07244308 0.9941352 0.08029472 -0.14898, 0.914537 -0.03408793 -0.4030635 9.380377, 0 0 0 1
-0.3905711 0.1059143 -0.9144596 4.713481, 0.0810895 0.9934564 0.08043002 -0.1502934, 0.9169944 -0.04273942 -0.3966039 9.174335, 0 0 0 1
-0.3762291 0.1036164 -0.9207146 4.597579, 0.100083 0.9924574 0.07079368 -0.05035209, 0.9211053 -0.06551324 -0.3837616 8.889498, 0 0 0 1
-0.3628644 0.1042903 -0.9259875 4.471611, 0.1004032 0.9923081 0.07241493 -0.06996229, 0.9264171 -0.06669531 -0.3705443 8.640337, 0 0 0 1
-0.358626 0.1040798 -0.9276609 4.339742, 0.0980833 0.9924653 0.07343239 -0.0847491, 0.9283141 -0.06465328 -0.3661324 8.56888, 0 0 0 1
-0.3591962 0.1048669 -0.9273516 4.191517, 0.08784885 0.9930541 0.07826968 -0.1311244, 0.9291182 -0.05335259 -0.3659137 8.442825, 0 0 0 1
-0.3627216 0.1053477 -0.9259238 4.073012, 0.08368424 0.9932576 0.08022621 -0.1471202, 0.9281325 -0.04838545 -0.369092 8.396451, 0 0 0 1
-0.3751466 0.105029 -0.9209962 4.062223, 0.0697466 0.9939421 0.08493797 -0.1963181, 0.9243379 -0.03237216 -0.3801994 8.364971, 0 0 0 1
-0.3851234 0.1076213 -0.9165684 4.008917, 0.07454434 0.9935594 0.08533939 -0.192171, 0.9198495 -0.03545879 -0.3906655 8.336327, 0 0 0 1
-0.3967404 0.1071931 -0.9116505 3.990801, 0.07402787 0.9936596 0.08461974 -0.1852412, 0.914941 -0.03391548 -0.4021602 8.360168, 0 0 0 1
-0.4045833 0.1087306 -0.9080144 3.988778, 0.07508213 0.993504 0.08551327 -0.1932144, 0.9114138 -0.03357841 -0.4101188 8.341741, 0 0 0 1
-0.4112625 0.1106882 -0.9047714 4.003095, 0.07902315 0.9931921 0.08558558 -0.1882949, 0.908085 -0.03629974 -0.4172096 8.348286, 0 0 0 1
-0.4129986 0.1098839 -0.9040784 3.987579, 0.08059008 0.9932098 0.08390223 -0.1667709, 0.907159 -0.03820825 -0.4190497 8.370659, 0 0 0 1
-0.4224164 0.1104699 -0.8996449 3.836086, 0.07877267 0.993264 0.08497895 -0.1760983, 0.9029725 -0.03497094 -0.428273 8.415338, 0 0 0 1
-0.4322429 0.1110589 -0.8948922 3.64607, 0.08017878 0.9931898 0.08453067 -0.1700643, 0.8981857 -0.03521359 -0.4382038 8.490746, 0 0 0 1
-0.4395413 0.1099232 -0.8914709 3.473276, 0.08487703 0.9931254 0.080609 -0.1302884, 0.8942032 -0.04023442 -0.4458495 8.512241, 0 0 0 1
-0.4498585 0.1085166 -0.8864827 3.299417, 0.07936168 0.9935213 0.08134618 -0.139638, 0.8895668 -0.03375848 -0.455556 8.610719, 0 0 0 1
-0.450991 0.109219 -0.8858207 3.223962, 0.07682515 0.9935513 0.08338844 -0.1571259, 0.8892159 -0.03044587 -0.4564735 8.621707, 0 0 0 1
-0.4527054 0.1097523 -0.8848798 3.234874, 0.07705552 0.9934986 0.08380272 -0.1638577, 0.8883244 -0.03024693 -0.4582193 8.63756, 0 0 0 1
-0.4555365 0.1061348 -0.8838676 3.221058, 0.07442132 0.9939322 0.08099532 -0.1590833, 0.8871009 -0.02888226 -0.4606711 8.590446, 0 0 0 1
-0.4537818 0.107814 -0.8845667 3.218143, 0.07104553 0.9938713 0.0846901 -0.1854032, 0.8882762 -0.02441369 -0.4586604 8.582095, 0 0 0 1
-0.4568382 0.1092479 -0.8828158 3.224297, 0.06715453 0.9938334 0.08823528 -0.2162198, 0.8870113 -0.01897584 -0.4613576 8.5785, 0 0 0 1
-0.458212 0.1082978 -0.8822207 3.248957, 0.06716204 0.9939306 0.08712789 -0.2089512, 0.8863019 -0.0193287 -0.4627044 8.590825, 0 0 0 1
-0.4581339 0.1075488 -0.8823529 3.263838, 0.0672305 0.9940025 0.08625036 -0.2026689, 0.8863371 -0.01980682 -0.4626168 8.569918, 0 0 0 1
-0.4591908 0.1084708 -0.8816904 3.258497, 0.06490186 0.9939612 0.08848162 -0.216213, 0.8859636 -0.0165934 -0.4634577 8.611331, 0 0 0 1
-0.4598156 0.1079588 -0.8814275 3.268945, 0.064689 0.9940175 0.08800262 -0.2218603, 0.8856551 -0.01655368 -0.4640485 8.57633, 0 0 0 1
-0.4634036 0.1073877 -0.8796164 3.240175, 0.06465897 0.9940816 0.0872982 -0.213977, 0.8837852 -0.01642079 -0.4676045 8.599792, 0 0 0 1
-0.4642035 0.1082083 -0.8790939 3.090235, 0.06069774 0.9940624 0.09030855 -0.2381648, 0.8836464 -0.01143747 -0.4680153 8.625375, 0 0 0 1
-0.4683496 0.10828 -0.8768831 2.916939, 0.05994881 0.9940694 0.09073146 -0.2417948, 0.8815071 -0.01007406 -0.4720632 8.722616, 0 0 0 1
-0.4689145 0.1074535 -0.8766829 2.89624, 0.06118561 0.9941395 0.08912334 -0.2288217, 0.8811217 -0.01184914 -0.4727411 8.714454, 0 0 0 1
-0.4678019 0.1075125 -0.8772699 2.930504, 0.06200526 0.9941204 0.08876883 -0.2297271, 0.8816557 -0.01286911 -0.4717178 8.658451, 0 0 0 1
-0.4718788 0.1074769 -0.875088 2.870644, 0.06451134 0.9940906 0.08730574 -0.2224203, 0.8793001 -0.01525538 -0.4760237 8.71333, 0 0 0 1
-0.4697379 0.1069631 -0.876302 2.792175, 0.0632771 0.994159 0.08742949 -0.2119266, 0.8805352 -0.01438089 -0.4737625 8.719345, 0 0 0 1
-0.4700146 0.1075322 -0.876084 2.797128, 0.06118525 0.994133 0.08919616 -0.2283573, 0.8805354 -0.01167992 -0.4738364 8.720359, 0 0 0 1
-0.4718026 0.1066835 -0.8752262 2.829177, 0.06196534 0.9942104 0.08778351 -0.2181154, 0.8795241 -0.01281719 -0.4756818 8.685494, 0 0 0 1
-0.4735188 0.1073966 -0.8742116 2.858286, 0.06138692 0.9941489 0.08888049 -0.22396, 0.8786419 -0.01157857 -0.4773409 8.709204, 0 0 0 1
-0.4734876 0.1073215 -0.8742377 2.872747, 0.06219166 0.9941453 0.08835833 -0.2266119, 0.8786021 -0.01253373 -0.47739 8.710081, 0 0 0 1
-0.474447 0.1075036 -0.8736951 2.864373, 0.06145358 0.9941383 0.08895206 -0.2332657, 0.8781364 -0.01148866 -0.4782723 8.718574, 0 0 0 1
-0.4721086 0.1079749 -0.8749028 2.816809, 0.06271408 0.9940696 0.0888404 -0.2257194, 0.8793068 -0.01292641 -0.4760803 8.720299, 0 0 0 1
-0.4729141 0.1077479 -0.8744956 2.843935, 0.06253964 0.9940963 0.08866364 -0.2277589, 0.8788862 -0.01276036 -0.4768607 8.729154, 0 0 0 1
-0.473314 0.1076785 -0.8742878 2.836723, 0.0612281 0.9941219 0.08929028 -0.2293728, 0.8787633 -0.01126865 -0.4771248 8.742443, 0 0 0 1
-0.4745734 0.1079143 -0.8735757 2.85214, 0.06028548 0.9941106 0.09005385 -0.2369013, 0.878149 -0.009926777 -0.4782841 8.752257, 0 0 0 1
-0.4753155 0.1074669 -0.8732274 2.870024, 0.05974456 0.9941635 0.0898302 -0.2367535, 0.8777846 -0.009472893 -0.4789619 8.752822, 0 0 0 1
-0.4740196 0.1073814 -0.873942 2.84107, 0.0576689 0.9941909 0.09087718 -0.2433674, 0.8786237 -0.007321711 -0.4774586 8.74073, 0 0 0 1
-0.4745117 0.1074869 -0.873662 2.851899, 0.05977065 0.9941603 0.08984864 -0.236531, 0.8782176 -0.009585123 -0.4781652 8.746192, 0 0 0 1
-0.4763574 0.1075645 -0.8726474 2.806436, 0.05803622 0.9941708 0.09086321 -0.2480575, 0.8773343 -0.007361791 -0.4798233 8.769678, 0 0 0 1
-0.4776135 0.1069236 -0.8720394 2.788472, 0.05948375 0.9942246 0.08932603 -0.231043, 0.8765541 -0.009208854 -0.4812153 8.77926, 0 0 0 1
-0.4783801 0.1067092 -0.8716454 2.78701, 0.05784404 0.9942629 0.08997411 -0.2410057, 0.8762457 -0.007377665 -0.4818081 8.784391, 0 0 0 1
-0.4782339 0.1073301 -0.8716493 2.774557, 0.05842374 0.9941936 0.0903651 -0.2390472, 0.876287 -0.007709358 -0.4817277 8.796549, 0 0 0 1
-0.478449 0.1071225 -0.8715568 2.795046, 0.06029162 0.9941964 0.08909838 -0.2287765, 0.876043 -0.009918536 -0.4821309 8.776319, 0 0 0 1
-0.4801278 0.1066377 -0.8706926 2.810075, 0.06091801 0.9942403 0.08817705 -0.2215473, 0.8750807 -0.01070462 -0.4838586 8.799451, 0 0 0 1
-0.4795871 0.10667 -0.8709866 2.798929, 0.05949223 0.9942526 0.08900848 -0.2232363, 0.8754752 -0.00912962 -0.4831768 8.799636, 0 0 0 1
-0.4798969 0.1067939 -0.8708008 2.804732, 0.05761963 0.9942573 0.09018042 -0.2366301, 0.8754307 -0.006897914 -0.4832944 8.803551, 0 0 0 1
-0.4810851 0.1071706 -0.8700986 2.823537, 0.05943161 0.9942034 0.08959636 -0.2357666, 0.8746571 -0.008607883 -0.4846658 8.817795, 0 0 0 1
-0.481225 0.1071944 -0.8700183 2.80629, 0.06072162 0.9941874 0.08890684 -0.2265339, 0.8744915 -0.01004473 -0.4849368 8.821509, 0 0 0 1
-0.4810877 0.1071471 -0.8701 2.798644, 0.06236048 0.9941714 0.0879459 -0.2155185, 0.8744517 -0.01195016 -0.4849654 8.826716, 0 0 0 1
-0.4812486 0.1074516 -0.8699735 2.815565, 0.05996696 0.9941692 0.08961894 -0.2305456, 0.8745306 -0.009040678 -0.4848861 8.824101, 0 0 0 1
-0.4822193 0.1070067 -0.8694907 2.811407, 0.06163045 0.9941967 0.08817385 -0.2143692, 0.87388 -0.01106797 -0.4860157 8.832213, 0 0 0 1
-0.4841652 0.1068818 -0.8684241 2.849551, 0.06035531 0.9942267 0.08871568 -0.221707, 0.8728925 -0.009460961 -0.4878208 8.844735, 0 0 0 1
-0.4820464 0.106537 -0.8696443 2.838199, 0.06176884 0.9942421 0.08756241 -0.21422, 0.8739656 -0.01150778 -0.4858515 8.823264, 0 0 0 1
-0.4819225 0.1063492 -0.869736 2.867194, 0.06186256 0.9942596 0.08729748 -0.2123943, 0.8740273 -0.01173348 -0.4857351 8.816667, 0 0 0 1
-0.4831193 0.106869 -0.8690079 2.841832, 0.05911321 0.9942395 0.08940616 -0.229714, 0.8735567 -0.008176007 -0.4866536 8.844075, 0 0 0 1
-0.4805021 0.1079923 -0.8703191 2.906706, 0.06108598 0.9941005 0.08962604 -0.233215, 0.8748636 -0.01009881 -0.4842641 8.782877, 0 0 0 1
-0.4827646 0.1063795 -0.8692651 2.950132, 0.058872 0.9942917 0.08898428 -0.2340058, 0.8737691 -0.008216918 -0.4862716 8.786821, 0 0 0 1
-0.4818642 0.1063677 -0.8697659 2.934303, 0.05814732 0.9942986 0.0893828 -0.2347291, 0.8743145 -0.00750419 -0.4853019 8.784663, 0 0 0 1
-0.4840451 0.1062156 -0.8685728 2.933188, 0.06050624 0.9942926 0.08787014 -0.2239548, 0.8729486 -0.01002096 -0.4877091 8.820661, 0 0 0 1
-0.4873793 0.1059911 -0.8667337 2.982947, 0.05844033 0.9943395 0.0887337 -0.2393334, 0.8712326 -0.007405237 -0.4908146 8.852615, 0 0 0 1
-0.4877937 0.1058196 -0.8665215 2.973507, 0.05821281 0.9943593 0.08866121 -0.2355881, 0.8710158 -0.007194268 -0.4912023 8.863149, 0 0 0 1
-0.4878681 0.1065665 -0.8663881 2.959098, 0.05913739 0.9942749 0.08899606 -0.2332285, 0.8709118 -0.007817583 -0.4913771 8.878858, 0 0 0 1
-0.4856374 0.1050242 -0.8678285 2.977784, 0.05606766 0.9944547 0.08897293 -0.2372526, 0.8723605 -0.005448527 -0.4888328 8.83843, 0 0 0 1
-0.4855112 0.105065 -0.8678941 3.014039, 0.05854546 0.994431 0.08763219 -0.2301872, 0.8722679 -0.008264855 -0.4889584 8.827118, 0 0 0 1
-0.486907 0.104786 -0.8671455 3.00379, 0.0577825 0.9944673 0.08772638 -0.2287114, 0.8715404 -0.007391249 -0.4902679 8.859569, 0 0 0 1
-0.4876013 0.1044142 -0.8668002 2.996202, 0.06111009 0.9944695 0.08541688 -0.1987657, 0.8709251 -0.01132086 -0.4912853 8.861458, 0 0 0 1
-0.4865597 0.1050285 -0.8673112 3.013056, 0.058214 0.9944387 0.08776524 -0.2236575, 0.8717057 -0.007786625 -0.4899679 8.839725, 0 0 0 1
-0.4902668 0.1045283 -0.8652816 3.049071, 0.06425431 0.9944155 0.08372164 -0.1880025, 0.8692007 -0.01455214 -0.4942452 8.890128, 0 0 0 1
-0.4900036 0.1053978 -0.8653253 3.066978, 0.05772092 0.9944081 0.08843489 -0.231917, 0.8698074 -0.006613958 -0.4933472 8.87259, 0 0 0 1
-0.4927483 0.1048327 -0.8638341 3.100887, 0.05701251 0.9944729 0.08816562 -0.2249864, 0.8683022 -0.005805893 -0.4960016 8.901383, 0 0 0 1
-0.4932281 0.1029837 -0.8637826 3.129359, 0.05893992 0.9946421 0.08493008 -0.1939965, 0.867901 -0.00902137 -0.4966553 8.906431, 0 0 0 1
-0.4936824 0.1038858 -0.863415 3.127697, 0.05889598 0.9945537 0.0859889 -0.2095805, 0.8676457 -0.008400466 -0.4971121 8.91544, 0 0 0 1
-0.4979911 0.1040316 -0.8609194 3.170512, 0.0590327 0.994542 0.08603128 -0.2113632, 0.8651705 -0.007979577 -0.5014144 8.973207, 0 0 0 1
-0.5054943 0.1026746 -0.8566992 3.156774, 0.06441341 0.9946145 0.08119655 -0.1717295, 0.8604223 -0.01413853 -0.5093856 9.10194, 0 0 0 1
-0.5082716 0.1028389 -0.8550345 3.172061, 0.06433672 0.9946044 0.08138086 -0.1748732, 0.8587903 -0.01364654 -0.5121456 9.140572, 0 0 0 1
-0.51346 0.1032614 -0.8518779 3.18989, 0.05548488 0.994651 0.08712496 -0.2027798, 0.8563178 -0.00253116 -0.516443 9.157373, 0 0 0 1
-0.5169864 0.1024126 -0.8498451 3.144724, 0.05383694 0.9947417 0.08712304 -0.2109495, 0.8542989 -0.0007116254 -0.5197815 9.203899, 0 0 0 1
-0.5186372 0.1013117 -0.8489708 3.004637, 0.06810368 0.9946949 0.07709701 -0.1373835, 0.8522778 -0.01783266 -0.5227854 9.232242, 0 0 0 1
-0.5220711 0.09989529 -0.8470317 2.824919, 0.06073096 0.9949505 0.07990845 -0.1454326, 0.850737 -0.009723163 -0.5255016 9.256008, 0 0 0 1
-0.531999 0.1016296 -0.8406239 2.747291, 0.05917727 0.9948061 0.08281887 -0.1792671, 0.8446746 -0.005686277 -0.5352499 9.341426, 0 0 0 1
-0.5404299 0.1013525 -0.8352624 2.729164, 0.0561954 0.9948497 0.08435767 -0.1860241, 0.8395103 -0.001348491 -0.5433421 9.416396, 0 0 0 1
-0.5399364 0.1000618 -0.835737 2.791117, 0.05960552 0.9949614 0.08061685 -0.1551492, 0.8395927 -0.006286569 -0.54318 9.293367, 0 0 0 1
-0.545935 0.1027131 -0.8315076 2.766758, 0.0595459 0.9947038 0.08377665 -0.1709072, 0.8357088 -0.003776263 -0.5491598 9.277575, 0 0 0 1
-0.5531547 0.1031351 -0.8266699 2.772402, 0.06135103 0.9946558 0.08304074 -0.169619, 0.8308164 -0.004782676 -0.556526 9.297132, 0 0 0 1
-0.5578516 0.1027116 -0.8235605 2.802498, 0.05745361 0.9947112 0.08513975 -0.1938481, 0.8279497 0.0001788195 -0.5608023 9.355377, 0 0 0 1
-0.5639886 0.1028506 -0.8193526 2.782887, 0.06160234 0.9946889 0.08245701 -0.1657845, 0.8234817 -0.003969219 -0.567329 9.476719, 0 0 0 1
-0.5636106 0.1024276 -0.8196656 2.879292, 0.05624215 0.9947381 0.0856324 -0.2065785, 0.8241237 0.002163576 -0.5664057 9.465778, 0 0 0 1
-0.5623894 0.1037111 -0.8203427 2.894833, 0.06171615 0.9946005 0.08343178 -0.1948472, 0.8245661 -0.003707242 -0.5657535 9.42169, 0 0 0 1
-0.5690637 0.1040421 -0.8156849 2.911027, 0.06111592 0.994571 0.08422172 -0.1915274, 0.8200191 -0.001923808 -0.5723329 9.4529, 0 0 0 1
-0.5792087 0.1030454 -0.8086401 2.91173, 0.06275625 0.9946709 0.08180068 -0.1801025, 0.8127601 -0.003367553 -0.5825889 9.494959, 0 0 0 1
-0.5880945 0.1031393 -0.8021889 2.93711, 0.06507498 0.9946541 0.08017776 -0.1656581, 0.80617 -0.005050325 -0.5916624 9.542609, 0 0 0 1
-0.5934176 0.1027222 -0.798313 2.947776, 0.07738675 0.9945095 0.07044299 -0.09117872, 0.8011659 -0.01997674 -0.5981088 9.576351, 0 0 0 1
-0.5984535 0.1046346 -0.7942953 2.946497, 0.0825948 0.9942097 0.06873965 -0.08113063, 0.7968886 -0.02446717 -0.6036305 9.622834, 0 0 0 1
-0.6054904 0.1058598 -0.7887807 2.896011, 0.0821093 0.9941344 0.0703902 -0.08955032, 0.7916056 -0.02214564 -0.610631 9.682892, 0 0 0 1
-0.6109037 0.1053971 -0.784658 2.912386, 0.07798397 0.9942901 0.07284012 -0.1107211, 0.7878548 -0.01669244 -0.6156347 9.685915, 0 0 0 1
-0.6177334 0.1061542 -0.7791898 2.883892, 0.07959304 0.9941987 0.07234578 -0.1110249, 0.7823493 -0.01732769 -0.6225988 9.733354, 0 0 0 1
-0.6204225 0.1055427 -0.7771336 2.867602, 0.06825829 0.99441 0.08055718 -0.1577124, 0.7812917 -0.003066313 -0.6241586 9.70983, 0 0 0 1
-0.6268707 0.1053153 -0.7719727 2.870123, 0.06816231 0.9944363 0.08031429 -0.1590353, 0.7761359 -0.002272765 -0.6305615 9.706092, 0 0 0 1
-0.6326329 0.106428 -0.7671041 2.906561, 0.07372328 0.9942902 0.07714799 -0.1512976, 0.7709349 -0.007747084 -0.6368669 9.669352, 0 0 0 1
-0.6462748 0.1066006 -0.7556224 2.841276, 0.07772966 0.9942405 0.07378274 -0.1186626, 0.7591357 -0.01105034 -0.6508386 9.689794, 0 0 0 1
-0.6531023 0.1069677 -0.7496768 2.845005, 0.07945604 0.9941885 0.07263551 -0.1077665, 0.7530897 -0.01212792 -0.6578061 9.638824, 0 0 0 1
-0.6581542 0.1051336 -0.7455065 2.879378, 0.06219294 0.9944099 0.08532909 -0.1825306, 0.75031 0.009794456 -0.6610136 9.589338, 0 0 0 1
-0.6701056 0.1045263 -0.7348692 2.840336, 0.06101555 0.9944415 0.08580909 -0.2018265, 0.7397537 0.01266271 -0.6727586 9.646704, 0 0 0 1
-0.6789041 0.1043847 -0.7267689 2.842725, 0.05944327 0.9944072 0.08729683 -0.2030152, 0.7318167 0.01606466 -0.6813121 9.685973, 0 0 0 1
-0.6783937 0.1042901 -0.727259 2.84739, 0.05978954 0.9944273 0.08683029 -0.1988071, 0.7322617 0.01542264 -0.6808487 9.594, 0 0 0 1
-0.6781408 0.10519 -0.7273652 2.887052, 0.0590689 0.9943033 0.08872256 -0.2164958, 0.7325544 0.01720172 -0.6804911 9.575147, 0 0 0 1
-0.6804281 0.103603 -0.7254543 2.850528, 0.05853761 0.9944766 0.08711805 -0.205055, 0.730473 0.01681122 -0.6827346 9.608723, 0 0 0 1
-0.6800774 0.1034025 -0.7258117 2.87224, 0.06284055 0.9945819 0.0828118 -0.1740857, 0.7304421 0.01070803 -0.6828907 9.597562, 0 0 0 1
-0.6841106 0.1052015 -0.7217516 2.89281, 0.06373208 0.9943805 0.08453121 -0.1822527, 0.7265886 0.01182996 -0.6869709 9.613834, 0 0 0 1
-0.6892541 0.1052637 -0.7168322 2.880428, 0.06644819 0.9944038 0.08213206 -0.1639919, 0.7214662 0.008977667 -0.6923915 9.634875, 0 0 0 1
-0.6927179 0.1047241 -0.7135648 2.829865, 0.06865986 0.9944836 0.07929829 -0.1485105, 0.7179329 0.005938082 -0.6960869 9.62781, 0 0 0 1
-0.6901734 0.1055057 -0.7159114 2.863888, 0.06802414 0.9943928 0.0809676 -0.1554575, 0.7204397 0.00718243 -0.6934804 9.496638, 0 0 0 1
-0.691369 0.1040568 -0.7149693 2.8521, 0.06998315 0.994566 0.07707635 -0.1258585, 0.7191045 0.003252396 -0.6948943 9.524966, 0 0 0 1
-0.6962023 0.1038541 -0.7102934 2.877899, 0.06764012 0.9945676 0.07912042 -0.1355093, 0.7146518 0.007039493 -0.699445 9.577496, 0 0 0 1
-0.6956427 0.1043044 -0.7107756 2.92344, 0.06656889 0.9945057 0.08078942 -0.1488068, 0.715297 0.008885028 -0.6987641 9.546643, 0 0 0 1
-0.6980883 0.1018963 -0.7087241 2.940143, 0.06774551 0.9947812 0.07629504 -0.1165806, 0.7127996 0.005247792 -0.7013481 9.552349, 0 0 0 1
-0.7008712 0.103316 -0.7057658 2.888632, 0.06730341 0.9946188 0.07876404 -0.14039, 0.7101055 0.007703005 -0.7040532 9.5772, 0 0 0 1
-0.7020195 0.1042314 -0.7044888 2.714022, 0.06598748 0.9944961 0.0813827 -0.1551992, 0.709094 0.0106448 -0.7050336 9.657653, 0 0 0 1
-0.6977084 0.1029779 -0.7089419 2.586143, 0.07024701 0.9946798 0.07534909 -0.1067221, 0.7129294 0.002770644 -0.7012303 9.725249, 0 0 0 1
-0.6962592 0.1040938 -0.7102025 2.418315, 0.07420828 0.9945657 0.0730213 -0.08525036, 0.7139441 -0.00186115 -0.7002002 9.890106, 0 0 0 1
-0.6932463 0.1025356 -0.7133695 2.284937, 0.07468293 0.9947193 0.07039901 -0.05891233, 0.7168208 -0.004472667 -0.6972432 9.992953, 0 0 0 1
-0.6988384 0.1035495 -0.7077446 2.202969, 0.07281026 0.9946243 0.07362855 -0.08649665, 0.7115642 -7.661041E-05 -0.7026211 10.1106, 0 0 0 1
-0.6971312 0.1035257 -0.7094298 2.191463, 0.07685497 0.9946088 0.06961862 -0.0492505, 0.7128124 -0.005989903 -0.7013292 10.11071, 0 0 0 1
-0.6954864 0.1047671 -0.7108604 2.222077, 0.07325844 0.9944968 0.0748956 -0.08684327, 0.714795 1.234811E-05 -0.6993341 10.06971, 0 0 0 1
-0.702056 0.1039571 -0.704493 2.187927, 0.07279234 0.9945815 0.07422286 -0.08601684, 0.7083916 0.0008269171 -0.7058191 10.09643, 0 0 0 1
-0.7007285 0.104264 -0.705768 2.185191, 0.06988435 0.994537 0.07753891 -0.1112647, 0.7099969 0.005011582 -0.7041869 10.09042, 0 0 0 1
-0.7044219 0.1045619 -0.7020375 2.19199, 0.07018336 0.9945034 0.07770027 -0.1060942, 0.7063031 0.005462431 -0.7078885 10.12818, 0 0 0 1
-0.7029697 0.1048623 -0.7034469 2.215574, 0.07056154 0.9944742 0.07773182 -0.1119535, 0.7077109 0.005006819 -0.7064844 10.12008, 0 0 0 1
-0.7050322 0.104763 -0.7013945 2.236933, 0.07488952 0.9944968 0.07326395 -0.08282932, 0.70521 -0.0008736497 -0.708998 10.13877, 0 0 0 1
-0.7055252 0.104347 -0.7009608 2.244086, 0.07108532 0.9945323 0.07650072 -0.1080519, 0.7051107 0.004145164 -0.7090851 10.14902, 0 0 0 1
-0.7044422 0.105307 -0.7019057 2.264484, 0.07416556 0.9944396 0.07476229 -0.09085318, 0.7058758 0.0006084799 -0.7083353 10.1572, 0 0 0 1
-0.7075317 0.1036917 -0.6990329 2.265569, 0.0742107 0.9946093 0.07242341 -0.07345639, 0.7027743 -0.0006338605 -0.7114126 10.1491, 0 0 0 1
-0.7051001 0.1040916 -0.7014263 2.272069, 0.07578667 0.9945638 0.07140956 -0.06229099, 0.7050462 -0.002807863 -0.7091557 10.14009, 0 0 0 1
-0.7067378 0.104031 -0.6997851 2.306242, 0.07425372 0.994574 0.07286321 -0.0689121, 0.7035681 -0.0004664622 -0.7106277 10.15533, 0 0 0 1
-0.7087901 0.1042606 -0.697672 2.291573, 0.07179881 0.9945437 0.07568238 -0.09744579, 0.701756 0.003550902 -0.7124085 10.17335, 0 0 0 1
-0.7109552 0.1035893 -0.6955659 2.219717, 0.0735701 0.9946199 0.07292907 -0.07497624, 0.6993784 0.0006764419 -0.7147512 10.21637, 0 0 0 1
-0.7191658 0.1037792 -0.6870447 2.077713, 0.07397474 0.9945992 0.07280263 -0.07631297, 0.6908895 0.001533211 -0.7229587 10.35271, 0 0 0 1
-0.7269822 0.1045115 -0.6786562 1.966294, 0.07121097 0.994495 0.0768682 -0.108067, 0.6829538 0.007554048 -0.7304225 10.48733, 0 0 0 1
-0.7328855 0.1047047 -0.6722468 1.787751, 0.07320654 0.9944863 0.07508457 -0.08521, 0.676402 0.005815537 -0.7365097 10.63546, 0 0 0 1
-0.7349435 0.1057237 -0.6698362 1.597535, 0.07066172 0.9943343 0.07941093 -0.1232785, 0.6744367 0.01103078 -0.7382503 10.64233, 0 0 0 1
-0.7373471 0.1054083 -0.6672394 1.514292, 0.07245063 0.9943931 0.07702793 -0.1121505, 0.6716176 0.008454408 -0.7408497 10.67977, 0 0 0 1
-0.7330084 0.1062009 -0.671878 1.543907, 0.06987111 0.9942676 0.08093137 -0.1340495, 0.6766216 0.01237851 -0.7362269 10.59504, 0 0 0 1
-0.7367894 0.1061998 -0.6677297 1.500688, 0.07295218 0.9943085 0.0776436 -0.1079189, 0.672175 0.008494646 -0.7403435 10.68097, 0 0 0 1
-0.7382437 0.1062845 -0.666108 1.52308, 0.073604 0.9943046 0.07707674 -0.1072902, 0.6705063 0.007873198 -0.7418621 10.70973, 0 0 0 1
-0.7353438 0.1063528 -0.6692972 1.562526, 0.07359228 0.9943004 0.07714213 -0.1060708, 0.6736867 0.007470889 -0.7389793 10.68858, 0 0 0 1
-0.7345896 0.105197 -0.6703072 1.608967, 0.07094108 0.9944013 0.07831558 -0.1130214, 0.6747929 0.009977499 -0.7379397 10.67256, 0 0 0 1
-0.7367426 0.1043684 -0.66807 1.633044, 0.07595045 0.9945366 0.07161263 -0.06218317, 0.6718943 0.002019862 -0.7406443 10.70991, 0 0 0 1
-0.7391204 0.1052147 -0.6653051 1.618453, 0.07677687 0.9944473 0.07197166 -0.06276589, 0.6691834 0.002115673 -0.7430943 10.70606, 0 0 0 1
-0.7387446 0.104917 -0.6657693 1.648297, 0.07897604 0.9944798 0.06908512 -0.02824273, 0.6693423 -0.001543562 -0.7429525 10.70609, 0 0 0 1
-0.7399001 0.1063172 -0.6642624 1.672312, 0.07548372 0.9943176 0.07506465 -0.07280157, 0.6684685 0.005399338 -0.7437209 10.72549, 0 0 0 1
-0.7404385 0.1037808 -0.6640636 1.720465, 0.07433308 0.9945906 0.07255379 -0.05752372, 0.6680011 0.00435973 -0.7441475 10.6759, 0 0 0 1
-0.7380108 0.104775 -0.666605 1.777096, 0.0754586 0.9944901 0.07276945 -0.05943971, 0.6705565 0.003403554 -0.7418506 10.6054, 0 0 0 1
-0.7368106 0.1053257 -0.6678447 1.819173, 0.07527151 0.9944293 0.07378682 -0.06556645, 0.671896 0.004097234 -0.7406341 10.56206, 0 0 0 1
-0.7387801 0.1043144 -0.6658247 1.812787, 0.07469358 0.9945357 0.07293555 -0.0599672, 0.6697946 0.004150507 -0.7425348 10.6112, 0 0 0 1
-0.7375565 0.105657 -0.6669685 1.860236, 0.07134497 0.9943482 0.07862274 -0.1126171, 0.671506 0.01040386 -0.7409261 10.59566, 0 0 0 1
-0.7370327 0.1050274 -0.6676467 1.876782, 0.07091957 0.9944166 0.07814155 -0.1082269, 0.6721259 0.01024366 -0.740366 10.59196, 0 0 0 1
-0.7366199 0.104818 -0.6681349 1.908322, 0.07532408 0.9944855 0.07297147 -0.07158656, 0.6720992 0.003425593 -0.7404532 10.59585, 0 0 0 1
-0.7371554 0.105733 -0.6673998 1.925541, 0.07271571 0.9943591 0.07721578 -0.09842575, 0.6717994 0.008389564 -0.7406856 10.60225, 0 0 0 1
-0.7363463 0.1041831 -0.6685357 1.978326, 0.0736369 0.9945447 0.07388161 -0.07287596, 0.6725858 0.005173562 -0.740001 10.59113, 0 0 0 1
-0.7353225 0.1057531 -0.6694155 2.026585, 0.0768341 0.9943904 0.07269338 -0.06965528, 0.6733478 0.002019145 -0.7393231 10.58872, 0 0 0 1
-0.7350349 0.1043914 -0.6699449 2.068337, 0.07841401 0.9945346 0.06893668 -0.02859084, 0.6734797 -0.001862202 -0.7392033 10.59135, 0 0 0 1
-0.7341982 0.1059903 -0.670611 2.023046, 0.07720581 0.9943659 0.07263342 -0.0666056, 0.6745312 0.001552259 -0.7382447 10.61082, 0 0 0 1
-0.7311391 0.1053482 -0.6740456 2.047696, 0.07627235 0.9944339 0.07268968 -0.06601232, 0.6779515 0.001735233 -0.7351046 10.5936, 0 0 0 1
-0.7304464 0.104012 -0.6750033 2.0658, 0.07968765 0.9945643 0.06702048 -0.0174247, 0.6783052 -0.004834558 -0.7347644 10.59656, 0 0 0 1
-0.7232061 0.1053955 -0.6825429 2.101316, 0.07651898 0.9944304 0.07247826 -0.07125991, 0.6863802 0.0001892378 -0.7272428 10.50584, 0 0 0 1
-0.7226568 0.106697 -0.6829222 2.085419, 0.07953461 0.9942874 0.07118124 -0.04062889, 0.6866158 -0.002876346 -0.7270147 10.50433, 0 0 0 1
-0.7212681 0.104565 -0.6847178 2.120017, 0.07547928 0.9945179 0.07236702 -0.06134018, 0.6885312 0.0005140076 -0.7252065 10.49096, 0 0 0 1
-0.7205431 0.1052422 -0.685377 2.102827, 0.07540853 0.9944459 0.07342321 -0.06314373, 0.6892976 0.001221318 -0.7244774 10.48246, 0 0 0 1
-0.7215858 0.1058217 -0.6841899 2.055236, 0.07508739 0.9943821 0.07460678 -0.07231065, 0.6882411 0.002461168 -0.7254779 10.5347, 0 0 0 1
-0.7252909 0.1060999 -0.6802176 2.007556, 0.07419958 0.9943447 0.07598089 -0.08072565, 0.6844323 0.00463639 -0.7290617 10.59941, 0 0 0 1
-0.7252605 0.1054431 -0.6803522 2.040842, 0.07835662 0.9944231 0.07059002 -0.03328157, 0.6840011 -0.002113941 -0.7294779 10.60893, 0 0 0 1
-0.7205449 0.1038741 -0.6855839 2.149387, 0.07399728 0.9945888 0.07292131 -0.06361667, 0.6894487 0.001811731 -0.7243323 10.52433, 0 0 0 1
-0.7216704 0.104762 -0.6842636 2.182331, 0.07428341 0.9944941 0.07391464 -0.06304441, 0.6882396 0.002512564 -0.7254791 10.5242, 0 0 0 1
-0.7209465 0.10575 -0.6848745 2.128128, 0.07653595 0.9943928 0.07297493 -0.0570243, 0.6887513 0.0001934951 -0.7249976 10.52945, 0 0 0 1
-0.7243372 0.1051386 -0.681382 2.051219, 0.07623852 0.9944574 0.07240213 -0.04873238, 0.6852177 0.0004960043 -0.7283382 10.63101, 0 0 0 1
-0.7245546 0.1057804 -0.6810515 2.064689, 0.07915934 0.9943849 0.07023137 -0.032858, 0.6846564 -0.003025121 -0.7288597 10.63138, 0 0 0 1
-0.7225089 0.1044146 -0.6834314 2.151129, 0.07624172 0.9945337 0.07134366 -0.04922042, 0.6871449 -0.0005595591 -0.7265202 10.5832, 0 0 0 1
-0.7224998 0.105223 -0.683317 2.145524, 0.07903355 0.9944416 0.0695672 -0.03059319, 0.6868389 -0.003742681 -0.7268 10.58809, 0 0 0 1
-0.7215323 0.1061842 -0.6841901 2.122353, 0.07504921 0.9943423 0.07517357 -0.07702146, 0.6883014 0.002892226 -0.7254191 10.57526, 0 0 0 1
-0.7201217 0.1066079 -0.6856089 2.053926, 0.07596242 0.9942995 0.07482115 -0.07327084, 0.6896771 0.001799826 -0.7241148 10.5712, 0 0 0 1
-0.7204928 0.1066874 -0.6852065 2.03028, 0.07802063 0.9942921 0.0727739 -0.05481242, 0.6890594 -0.001027174 -0.7247041 10.57405, 0 0 0 1
-0.7203513 0.1056701 -0.6855128 1.936081, 0.07816923 0.9943985 0.07114222 -0.03995949, 0.6891904 -0.002338617 -0.7245765 10.59487, 0 0 0 1
-0.720233 0.1064137 -0.6855221 1.8926, 0.0743525 0.9943141 0.07623028 -0.08078115, 0.6897362 0.003933283 -0.72405 10.55727, 0 0 0 1
-0.719404 0.1086074 -0.6860483 1.803067, 0.07548963 0.9940746 0.07821064 -0.09988982, 0.6904776 0.004475508 -0.72334 10.4914, 0 0 0 1
-0.722701 0.1075915 -0.6827352 1.779362, 0.07559626 0.994188 0.07665155 -0.08626853, 0.6870142 0.003783926 -0.7266341 10.5256, 0 0 0 1
-0.7233051 0.1082814 -0.681986 1.747743, 0.07665703 0.9941155 0.07653797 -0.09066183, 0.6862605 0.003081294 -0.7273494 10.54228, 0 0 0 1
-0.724968 0.1073307 -0.6803687 1.76314, 0.07383171 0.9942026 0.07816772 -0.09848703, 0.6848141 0.006436299 -0.7286894 10.57847, 0 0 0 1
-0.7231392 0.1072784 -0.6823204 1.749499, 0.07309157 0.9942033 0.07885029 -0.1059521, 0.6868241 0.007147864 -0.7267885 10.57558, 0 0 0 1
-0.7248265 0.1072995 -0.6805243 1.755085, 0.07436024 0.9942109 0.07755799 -0.09008294, 0.6849067 0.005612132 -0.7286092 10.6016, 0 0 0 1
-0.7277684 0.1072525 -0.6773847 1.794247, 0.07586829 0.9942244 0.07590742 -0.07999548, 0.6816137 0.003850997 -0.7317021 10.61769, 0 0 0 1
-0.729381 0.107825 -0.6755569 1.824261, 0.07393984 0.9941412 0.07884297 -0.1073141, 0.6801001 0.007556001 -0.7330803 10.64079, 0 0 0 1
-0.728749 0.1072166 -0.6763353 1.868378, 0.07551678 0.9942256 0.07624128 -0.08195206, 0.6806042 0.004486097 -0.7326375 10.63706, 0 0 0 1
-0.7309607 0.1061501 -0.6741132 1.914717, 0.07441628 0.9943359 0.0758827 -0.07936189, 0.67835 0.00530227 -0.7347198 10.63596, 0 0 0 1
-0.7313934 0.10562 -0.673727 1.946, 0.07309786 0.9943838 0.0765348 -0.08433426, 0.6780268 0.006729046 -0.7350063 10.64797, 0 0 0 1
-0.7312498 0.1071696 -0.6736382 1.946993, 0.07531622 0.9942275 0.07641493 -0.08237347, 0.6779389 0.005142517 -0.7351002 10.64186, 0 0 0 1
-0.7225673 0.1054277 -0.6832141 2.00864, 0.07773634 0.9944256 0.07123728 -0.05068907, 0.6869159 -0.001636828 -0.7267351 10.55242, 0 0 0 1
-0.7222178 0.106387 -0.6834349 2.038375, 0.07782739 0.9943244 0.07253783 -0.0567135, 0.6872731 -0.0008018388 -0.7263986 10.52946, 0 0 0 1
-0.7217337 0.1051745 -0.6841335 2.0665, 0.07641293 0.9944538 0.07226867 -0.05702367, 0.68794 -0.0001179121 -0.7257676 10.51305, 0 0 0 1
-0.7204988 0.1062488 -0.6852683 2.09448, 0.0739532 0.9943299 0.0764127 -0.08806019, 0.6895016 0.004377472 -0.7242709 10.47009, 0 0 0 1
-0.7216356 0.1063593 -0.6840539 2.097197, 0.07219411 0.9943016 0.07843741 -0.1051959, 0.6884984 0.007218566 -0.725202 10.48102, 0 0 0 1
-0.721244 0.1063325 -0.684471 2.101382, 0.07458613 0.9943238 0.07587492 -0.08525303, 0.6886538 0.003672289 -0.725081 10.4736, 0 0 0 1
-0.7214457 0.1062626 -0.6842692 2.105173, 0.07578138 0.9943362 0.07451545 -0.07375378, 0.6883119 0.00190398 -0.7254123 10.47693, 0 0 0 1
-0.7225351 0.1053744 -0.6832563 2.054977, 0.07696638 0.9944324 0.07197425 -0.04946987, 0.6870365 -0.0005838428 -0.7266227 10.50047, 0 0 0 1
-0.7218232 0.1064887 -0.6838358 2.058308, 0.07561383 0.9943109 0.07502242 -0.07608262, 0.6879345 0.002445472 -0.7257687 10.47999, 0 0 0 1
-0.7210386 0.1054185 -0.6848286 1.99228, 0.07987731 0.9944155 0.06897368 -0.02150684, 0.6882753 -0.004969578 -0.7254326 10.51249, 0 0 0 1
-0.7218885 0.1041179 -0.6841319 1.990346, 0.07221683 0.9945531 0.07515845 -0.06647913, 0.6882309 0.00485018 -0.7254755 10.50723, 0 0 0 1
-0.7183583 0.1055505 -0.6876194 1.95922, 0.07858331 0.9944082 0.07054673 -0.02975367, 0.6912207 -0.003357586 -0.7226359 10.48009, 0 0 0 1
-0.7195181 0.1066428 -0.6862369 1.924636, 0.07802293 0.9942966 0.07270913 -0.05707086, 0.6900769 -0.001226684 -0.723735 10.51567, 0 0 0 1
-0.7217378 0.1046053 -0.6842166 1.828374, 0.07533816 0.9945135 0.07257489 -0.04258952, 0.6880543 0.0008324233 -0.7256587 10.57695, 0 0 0 1
-0.7236776 0.1061427 -0.681927 1.730988, 0.07545938 0.9943475 0.07469201 -0.06142665, 0.6860004 0.002595149 -0.7275966 10.62559, 0 0 0 1
-0.729332 0.1064156 -0.6758333 1.791255, 0.07081632 0.9942654 0.08013325 -0.1116417, 0.6804851 0.01058372 -0.7326855 10.5988, 0 0 0 1
-0.7309352 0.1066511 -0.6740618 1.717217, 0.07236268 0.9942571 0.07884474 -0.09976179, 0.6785995 0.008853476 -0.7344551 10.6304, 0 0 0 1
-0.7288642 0.1066791 -0.6762962 1.683284, 0.07692314 0.9942917 0.07393748 -0.06002723, 0.6803233 0.001867553 -0.7329097 10.61203, 0 0 0 1
-0.7292361 0.1067647 -0.6758816 1.699005, 0.07412475 0.9942656 0.07708151 -0.09452368, 0.6802354 0.006111061 -0.7329682 10.60703, 0 0 0 1
-0.728471 0.1071678 -0.6766425 1.659195, 0.08065107 0.9942361 0.07064009 -0.03899645, 0.6803128 -0.003112685 -0.7329153 10.62006, 0 0 0 1
-0.7289597 0.1062108 -0.676267 1.595278, 0.06947576 0.9942681 0.08126523 -0.1096707, 0.6810219 0.01225492 -0.7321604 10.63851, 0 0 0 1
-0.7257745 0.1063218 -0.6796669 1.567466, 0.07255694 0.9943047 0.07806214 -0.08347978, 0.6840957 0.00734095 -0.7293553 10.60293, 0 0 0 1
-0.7221133 0.1077999 -0.6833239 1.540009, 0.06930149 0.9940875 0.08358992 -0.1267654, 0.6882948 0.01300603 -0.7253146 10.52589, 0 0 0 1
-0.7205089 0.1063749 -0.6852381 1.531532, 0.07452441 0.9943193 0.07599571 -0.07477365, 0.6894295 0.003688618 -0.7243434 10.48404, 0 0 0 1
-0.7220728 0.1061571 -0.6836239 1.528608, 0.07406399 0.9943398 0.07617737 -0.07570207, 0.6878411 0.004373698 -0.7258481 10.51234, 0 0 0 1
-0.7225476 0.1057911 -0.6831788 1.544512, 0.07260142 0.9943692 0.07719425 -0.08448584, 0.6874984 0.006176763 -0.7261596 10.51532, 0 0 0 1
-0.7242169 0.1055021 -0.6814537 1.518256, 0.07170597 0.9943913 0.07774512 -0.08138742, 0.6858339 0.007440038 -0.7277201 10.55534, 0 0 0 1
-0.7231687 0.1064091 -0.6824253 1.513087, 0.07336706 0.9943054 0.07729251 -0.07679144, 0.6867637 0.005827988 -0.7268574 10.56704, 0 0 0 1
-0.7243881 0.1060485 -0.681187 1.529812, 0.07397342 0.9943495 0.07613735 -0.06549054, 0.6854122 0.004763254 -0.7281397 10.58374, 0 0 0 1
-0.7267957 0.1061204 -0.6786063 1.554539, 0.07139762 0.9943127 0.07902285 -0.09146466, 0.6831328 0.008982588 -0.7302389 10.61596, 0 0 0 1
-0.7291108 0.1057068 -0.676183 1.555055, 0.07058536 0.9943459 0.07933444 -0.09236972, 0.680746 0.01011498 -0.7324497 10.66006, 0 0 0 1
-0.7263117 0.105524 -0.6792172 1.543153, 0.07025098 0.9943672 0.07936418 -0.09524313, 0.6837662 0.009927453 -0.7296336 10.62752, 0 0 0 1
-0.7245982 0.1066616 -0.6808677 1.523418, 0.07069816 0.994243 0.08051458 -0.1054357, 0.6855358 0.01020462 -0.7279674 10.59169, 0 0 0 1
-0.7220835 0.1071891 -0.6834514 1.525135, 0.07427522 0.9942252 0.07745575 -0.08148494, 0.6878071 0.005166018 -0.7258751 10.56397, 0 0 0 1
-0.7208211 0.1072968 -0.6847659 1.521458, 0.07441342 0.9942151 0.07745327 -0.08364198, 0.6891151 0.004874176 -0.7246355 10.55122, 0 0 0 1
-0.7199888 0.1072033 -0.6856557 1.497154, 0.07423011 0.994225 0.07750148 -0.08543551, 0.6900044 0.004903894 -0.7237886 10.53303, 0 0 0 1
-0.7219964 0.1061103 -0.6837117 1.498292, 0.07665355 0.9943542 0.07337549 -0.05977567, 0.6876375 0.0005679078 -0.726054 10.57396, 0 0 0 1
-0.7215841 0.1066251 -0.6840669 1.484377, 0.0771094 0.9942992 0.07364241 -0.05670253, 0.6880193 0.0003912094 -0.7256923 10.58043, 0 0 0 1
-0.7216675 0.1066354 -0.6839772 1.503913, 0.07741216 0.9942982 0.07333798 -0.04677101, 0.6878978 -2.251587E-05 -0.7258076 10.59545, 0 0 0 1
-0.7282408 0.1065049 -0.6769949 1.472841, 0.07538724 0.9943048 0.07533037 -0.05682821, 0.6811623 0.003821876 -0.7321225 10.608, 0 0 0 1
-0.7348933 0.1070355 -0.669683 1.49966, 0.07199042 0.9941996 0.07990257 -0.1021318, 0.674351 0.0105091 -0.7383361 10.58888, 0 0 0 1
-0.7394018 0.1072652 -0.6646647 1.483592, 0.07207812 0.9941647 0.0802578 -0.101374, 0.6693951 0.01143498 -0.7428186 10.6141, 0 0 0 1
-0.7438385 0.1084501 -0.659502 1.475456, 0.0779487 0.9940903 0.07555384 -0.04553006, 0.6637983 0.004792544 -0.7478963 10.61774, 0 0 0 1
-0.7470024 0.1064232 -0.6562482 1.483141, 0.08222926 0.994315 0.06764622 0.002985396, 0.6597165 -0.003430911 -0.7515067 10.67923, 0 0 0 1
-0.7488008 0.1078118 -0.653968 1.520305, 0.07946824 0.9941679 0.07290436 -0.03273446, 0.6580139 0.002621151 -0.7530012 10.72784, 0 0 0 1
-0.7527256 0.1058682 -0.6497662 1.545398, 0.07540733 0.9943541 0.07465673 -0.0532476, 0.6540015 0.007198902 -0.7564591 10.77797, 0 0 0 1
-0.7525313 0.1066533 -0.6498628 1.620434, 0.07904372 0.994293 0.07164863 -0.03614423, 0.6537956 0.002550267 -0.756667 10.73469, 0 0 0 1
-0.7519009 0.1067531 -0.6505758 1.667734, 0.08109491 0.9942854 0.06942727 -0.02569349, 0.6542696 -0.0005559601 -0.7562612 10.71529, 0 0 0 1
-0.7496794 0.1065406 -0.6531691 1.691195, 0.08034431 0.9943084 0.06996919 -0.02706956, 0.6569061 -2.39558E-05 -0.7539725 10.66128, 0 0 0 1
-0.7458562 0.1083875 -0.6572296 1.652807, 0.08013523 0.9941071 0.07300251 -0.05465996, 0.6612692 0.001782121 -0.7501466 10.62214, 0 0 0 1
-0.740036 0.1059917 -0.664163 1.689164, 0.0820755 0.9943556 0.06723436 -0.003237397, 0.6675405 -0.004755659 -0.7445583 10.59658, 0 0 0 1
-0.7363681 0.106103 -0.6682097 1.765423, 0.08416326 0.9943207 0.06513721 0.01980644, 0.671326 -0.008273738 -0.741116 10.56143, 0 0 0 1
-0.7387738 0.107126 -0.6653851 1.727831, 0.08307872 0.994232 0.06782793 -0.007343348, 0.6688133 -0.005169852 -0.7434124 10.59323, 0 0 0 1
-0.7303639 0.1062918 -0.6747375 1.689602, 0.07443281 0.9943207 0.07606678 -0.06867608, 0.6789907 0.005333823 -0.7341275 10.51722, 0 0 0 1
-0.7300341 0.1065945 -0.6750466 1.509981, 0.07755613 0.994302 0.07313348 -0.04002226, 0.6789958 0.001035933 -0.7341413 10.61347, 0 0 0 1
-0.7359511 0.1067474 -0.6685663 1.188573, 0.07734678 0.9942831 0.07361085 -0.0406918, 0.672602 0.002462532 -0.7400004 10.90975, 0 0 0 1
-0.7458715 0.1062752 -0.6575571 0.9306356, 0.07580926 0.9943194 0.07471218 -0.0394929, 0.6617618 0.005876772 -0.7496911 11.17265, 0 0 0 1
-0.7566028 0.1066307 -0.6451218 0.4970514, 0.0699456 0.994151 0.08228835 -0.07144774, 0.6501229 0.01713617 -0.7596358 11.52797, 0 0 0 1
