0.0412
0.1343
0.2267
0.3141
0.4072
0.4965
0.5944
0.6766
0.7657
0.8580
0.9406
1.0294
1.1333
1.2159
1.3263
1.6783
1.7715
1.8602
1.9491
2.0422
2.1423
2.2312
2.3308
2.4189
2.5077
2.5985
2.6874
2.7767
2.8905
2.9804
3.0729
3.1580
3.2477
3.3509
3.4423
3.5320
3.6287
3.7217
3.8242
3.9215
4.0216
4.1145
4.2152
4.3078
4.3999
4.4982
4.5829
4.6669
4.7583
4.8431
4.9266
5.0193
5.1132
5.2238
5.3171
5.4082
5.4999
5.5872
5.6857
5.7771
5.8664
5.9553
6.0504
6.1385
6.2349
6.3262
6.4215
6.5038
6.5966
6.6852
6.7717
6.8631
6.9584
7.0525
7.1427
7.2291
7.3155
7.4069
7.4971
7.5774
7.6658
7.7470
7.8369
7.9239
8.0110
8.1031
8.1931
8.2782
8.3637
8.4522
8.5365
8.6219
8.7068
8.8031
8.8829
8.9751
9.0598
9.1440
9.2344
9.3188
9.4064
9.4925
9.5817
9.6620
9.7492
9.8327
9.9195
10.0071
10.0854
10.1641
10.2491
10.3283
10.4119
10.5029
10.5870
10.6705
10.7599
10.8500
10.9360
11.0281
11.1144
11.1982
11.2883
11.3733
11.4605
11.5475
11.6323
11.7167
11.8130
11.8970
11.9814
12.0713
12.1580
12.2514
12.3397
12.4238
12.5073
12.5939
12.6774
12.7671
12.8581
12.9362
13.0194
13.1092
13.1960
13.2730
13.3581
13.4524
13.5453
13.6324
13.7205
13.8045
13.9021
13.9861
14.0654
14.1522
14.2477
14.3436
14.4389
14.5300
14.6237
14.7159
14.7993
14.8812
14.9662
15.0869
15.1660
15.2511
15.3426
15.4204
15.5048
15.5844
15.6634
15.7558
15.8413
15.9249
16.0124
16.0959
16.1813
16.2811
16.3612
16.4413
16.5282
16.6069
16.6886
16.7736
16.8533
16.9419
17.0295
17.1231
17.2066
17.2944
17.3867
17.4651
17.5512
17.6337
17.7120
17.8068
17.8844
17.9631
18.0494
18.1282
18.2216
18.3079
18.3910
18.4724
18.5593
18.6464
18.7245
18.8090
18.8873
18.9756
19.0616
19.1400
19.2270
19.3113
19.4206
19.4997
19.5919
19.6764
19.7600
19.8502
19.9323
20.0141
20.1042
20.1976
20.2796
20.3720
20.4594
20.5517
20.6413
20.7197
20.7964
20.8829
20.9671
21.0514
21.1413
21.2272
21.3112
21.4037
21.4828
21.5681
21.6544
21.7481
21.8271
21.9236
22.0039
22.0848
22.1764
22.2688
22.3636
22.4557
22.5548
22.6403
22.7290
22.8175
22.9033
22.9922
23.0828
23.1661
23.2553
23.3363
23.4343
23.5227
23.6028
23.6831
23.7715
23.8567
23.9415
24.0285
24.1129
24.1986
24.2899
24.3699
24.4578
24.5456
24.6313
24.7178
24.8052
24.8858
24.9658
25.0533
25.1417
25.2262
25.3137
25.3971
25.4753
25.5610
25.6398
25.7199
25.8067
25.8872
25.9684
26.0616
26.1592
26.2410
26.3298
26.4192
26.5026
26.5924
26.6787
26.7631
26.8588
26.9436
27.0244
27.1126
27.2028
27.2844
27.3738
27.4570
27.5410
27.6321
27.7292
27.8162
27.9052
27.9855
28.0677
28.1556
28.2508
28.3363
28.4275
28.5118
28.5976
28.6905
28.7776
28.8620
28.9533
29.0348
29.1228
29.2089
29.3027
29.3816
29.4667
29.5492
29.6287
29.7152
29.8035
29.8846
29.9738
30.0577
30.1370
30.2213
30.3048
30.3874
30.4762
30.5559
30.6356
30.7231
30.8021
30.8819
30.9693
31.0497
31.1417
31.2285
31.3166
31.4007
31.4881
31.5828
31.6610
31.7478
31.8280
31.9199
32.0075
32.0860
32.1768
32.2670
32.3488
32.4596
32.5441
32.6224
32.6996
32.7862
32.8683
32.9578
33.0476
33.1513
33.2330
33.3216
33.4063
33.5022
33.6063
33.6874
33.7720
33.8639
33.9486
34.0338
34.1192
34.2178
34.3051
34.4014
34.4810
34.5644
34.6566
34.7406
34.8221
34.9106
34.9917
35.0884
35.1790
35.2597
35.3396
35.4320
35.5286
35.6258
35.7162
35.8021
35.8877
35.9804
36.0665
36.1525
36.2412
36.3208
36.4010
36.4939
36.5842
36.6649
36.7672
36.8581
36.9446
37.0334
37.1180
37.2032
37.2923
37.3762
37.4596
37.5471
37.6377
37.7181
37.8053
37.8854
37.9773
38.0680
38.1488
38.2378
38.3269
38.4238
38.5142
38.6047
38.6894
38.7742
38.8649
38.9518
39.0424
39.1309
39.2267
39.3112
39.4005
39.4823
39.5693
39.6561
39.7474
39.8301
39.9186
40.0037
40.0879
40.1944
40.2793
40.3655
40.4516
40.5411
40.6252
40.7133
40.7963
40.8792
40.9714
41.0571
41.1519
41.2404
41.3261
41.4115
41.5031
41.6019
41.6920
41.7959
41.8816
41.9667
42.0591
42.1454
42.2413
42.3293
42.4102
42.4926
42.5822
42.6632
42.7476
42.8387
42.9195
43.0039
43.0911
43.1766
43.2617
43.3525
43.4465
43.5327
43.6269
43.7130
43.8028
43.8965
43.9767
44.0723
44.1591
44.2525
44.3446
44.4317
44.5106
44.5900
44.6879
44.7701
44.8552
44.9504
45.0316
45.1159
45.2056
45.2861
45.3715
45.4640
45.5506
45.6368
45.7298
45.8171
45.9015
45.9905
46.0848
46.1688
46.2553
46.3453
46.4274
46.5176
46.6111
46.6905
46.7780
46.8581
46.9381
47.0253
47.1050
47.1848
47.2707
47.3541
47.4339
47.5213
47.6012
47.6817
47.7676
47.8496
47.9351
48.0280
48.1129
48.2167
48.3078
48.3949
48.4914
48.5817
48.6632
48.7434
48.8351
48.9261
49.0050
49.0909
49.1714
49.2648
49.3516
49.4316
49.5173
49.6158
49.7012
49.7870
49.8804
49.9665
50.0475
50.1390
50.2303
50.3263
50.4147
50.5113
50.5926
50.6806
50.8009
50.8875
50.9813
51.0674
51.1521
51.2435
51.3232
51.4037
51.4907
51.5868
51.6675
51.7558
51.8362
51.9176
52.0050
52.1057
52.1974
52.2845
52.3730
52.4668
52.5593
52.6453
52.7301
52.8196
52.9052
52.9910
53.0836
53.1680
53.2522
53.3694
53.4536
53.5459
53.6343
53.7149
53.8001
53.8774
53.9604
54.0508
54.1352
54.2187
54.3095
54.3933
54.4781
54.5638
54.6416
54.7240
54.8087
54.8860
54.9729
55.0581
55.1359
55.2329
55.3231
55.4279
55.5123
55.6034
55.6813
55.7592
55.8446
55.9374
56.0267
56.1192
56.1980
56.2771
56.3623
56.4399
56.5179
56.6038
56.6814
56.7608
56.8492
56.9435
57.0223
57.1076
57.1938
57.2719
57.3580
57.4514
57.5361
57.6268
57.7252
57.8092
57.8990
57.9846
58.0632
58.1510
58.2371
58.3231
58.4118
58.4972
58.5825
58.6716
58.7647
58.8446
58.9344
59.0216
59.1070
59.1995
59.2848
59.3709
59.4632
59.5575
59.6363
59.7233
59.8023
59.8815
59.9729
60.0613
60.1403
60.2277
60.3058
60.3842
60.4709
60.5507
60.6353
60.7541
60.8380
60.9306
61.0134
61.0970
61.1886
61.2713
61.3486
61.4347
61.5140
61.5929
61.6794
61.7586
61.8359
61.9219
62.0219
62.1009
62.1867
62.2643
62.3554
62.4455
62.5336
62.6175
62.7058
62.7915
62.8787
62.9691
63.0463
63.1251
63.2103
63.2989
63.3773
63.4638
63.5428
63.6207
63.7069
63.8050
63.8836
63.9705
64.0547
64.1374
64.2441
64.3385
64.4303
64.5146
64.5966
64.6794
64.7642
64.8425
64.9210
65.0066
65.0898
65.1695
65.2584
65.3428
65.4214
65.5083
65.5858
65.6634
65.7499
65.8279
65.9144
66.0040
66.0866
66.1709
66.2544
66.3446
66.4208
66.5043
66.5844
66.6628
66.7474
66.8241
66.9006
66.9863
67.0628
67.1411
67.2271
67.3044
67.3877
67.4826
67.5614
67.6398
67.7288
67.8077
67.8874
67.9783
68.0556
68.1471
68.2475
68.3364
68.4145
68.4986
68.5804
68.6587
68.7426
68.8192
68.8965
68.9823
69.0591
69.1361
69.2218
69.3003
69.3817
69.4690
69.5550
69.6450
69.7301
69.8233
69.9013
69.9868
70.0633
70.1418
70.2268
70.3048
70.3829
70.4677
70.5516
70.6509
70.7533
70.8366
70.9222
71.0005
71.0931
71.1939
71.2909
71.3756
71.4669
71.5474
71.6258
71.7133
71.7925
71.8816
71.9743
72.0582
72.1493
72.2377
72.3283
72.4109
72.4949
72.5728
72.6593
72.7471
72.8270
72.9074
72.9931
73.0720
73.1489
73.2349
73.3117
73.3907
73.4778
73.5608
73.6479
73.7337
73.8148
73.8964
73.9834
74.0646
74.1516
74.2360
74.3128
74.4040
74.4884
74.5747
74.6589
74.7433
74.8186
74.8948
74.9769
75.0698
75.1618
75.2453
75.3244
75.4029
75.4855
75.5637
75.6521
75.7374
75.8443
75.9198
76.0022
76.0954
76.1702
76.2529
76.3287
76.4044
76.4847
76.5611
76.6714
76.7542
76.8324
76.9163
76.9997
77.0786
77.1571
77.2415
77.3254
77.4019
77.4831
77.5575
77.6657
77.7469
77.8205
77.8961
77.9820
78.0557
78.1300
78.2111
78.2836
78.3568
78.4353
78.5120
78.5889
78.6873
78.7652
78.8383
78.9186
79.0065
79.0861
79.1681
79.2418
79.3196
79.4034
79.4867
79.5735
79.6564
79.7374
79.8142
79.8962
79.9759
80.0550
80.1438
80.2212
80.2992
80.3835
80.4615
80.5400
80.6204
80.6957
80.7863
80.8672
80.9415
81.0187
81.1030
81.1796
81.2614
81.3443
81.4208
81.4948
81.5811
81.6619
81.7410
81.8250
81.9344
82.0427
82.1285
82.2082
82.2857
82.3670
82.4407
82.5184
82.6013
82.6768
82.7534
82.8425
82.9230
82.9995
83.0824
83.1716
83.2447
83.3269
83.4005
83.4728
83.5525
83.6299
83.7170
83.7956
83.8701
83.9438
84.0240
84.1011
84.1757
84.2558
84.3362
84.4107
84.4914
84.5655
84.6380
84.7156
84.7880
84.8603
84.9388
85.0196
85.0929
85.1740
85.2613
85.3409
85.4238
85.4994
85.5762
85.6575
85.7363
85.8327
85.9116
85.9840
86.0659
86.1485
86.2231
86.2980
86.3824
86.4710
86.5443
86.6227
86.7062
86.7817
86.8640
86.9430
87.0207
87.1036
87.1833
87.2623
87.3429
87.4225
87.4951
87.5770
87.6528
87.7274
87.8075
87.8827
87.9625
88.0644
88.1439
88.2227
88.3206
88.4009
88.4870
88.5734
88.6543
88.7345
88.8149
88.8916
88.9761
89.0574
89.1368
89.2148
89.3008
89.3784
89.4554
89.5412
89.6158
89.6905
89.7699
89.8436
89.9257
90.0036
90.0780
90.1655
90.2553
90.3292
90.4031
90.4830
90.5617
90.6456
90.7292
90.8082
90.8867
90.9728
91.0542
91.1316
91.2163
91.2934
91.3711
91.4553
91.5326
91.6225
91.7055
91.7818
91.8736
91.9570
92.0484
92.1261
92.2085
92.2856
92.3634
92.4468
92.5286
92.6047
92.6866
92.7867
92.8643
92.9464
93.0257
93.1042
93.1887
93.2669
93.3438
93.4267
93.5086
93.5900
93.6804
93.7759
93.8569
93.9445
94.0264
94.1077
94.1959
94.2726
94.3627
94.4447
94.5355
94.6124
94.6950
94.7728
94.8500
94.9344
95.0260
95.1067
95.2003
95.2754
95.3566
95.4431
95.5226
95.6122
95.6943
95.7742
95.8557
95.9377
96.0137
96.1046
96.1920
96.2679
96.3433
96.4242
96.4998
96.5906
96.6725
96.7753
96.8643
96.9600
97.0407
97.1318
97.2205
97.3000
97.3807
97.4627
97.5414
97.6167
97.6973
97.7756
97.8557
97.9349
98.0229
98.0959
98.1803
98.2536
98.3266
98.4057
98.4786
98.5672
98.6449
98.7274
98.8013
98.8786
98.9612
99.0473
99.1263
99.2115
99.2836
99.3612
99.4419
99.5232
99.6014
99.6823
99.7542
99.8320
99.9040
99.9752
100.0528
100.1253
100.2010
100.2788
100.3497
100.4213
100.5014
100.5821
100.6684
100.7462
100.8196
100.9074
100.9849
101.0762
101.1465
101.2279
101.3122
101.3827
101.4587
101.5284
101.5994
101.6758
101.7562
101.8417
101.9179
101.9961
102.0653
102.1408
102.2086
102.2825
102.3573
102.4271
102.4965
102.5714
102.6410
102.7104
102.7888
102.8641
102.9486
103.0278
103.0999
103.1674
103.2413
103.3151
103.4016
103.4752
103.5424
103.6103
103.6850
103.7522
103.8213
103.8944
103.9628
104.0404
104.1137
104.1831
104.2613
104.3358
104.4094
104.4790
104.5534
104.6303
104.6991
104.7735
104.8424
104.9197
104.9950
105.0632
105.1318
105.2055
105.2746
105.3428
105.4223
105.4904
105.5587
105.6315
105.7015
105.7689
105.8414
105.9088
105.9853
106.0589
106.1442
106.2203
106.2929
106.3609
106.4341
106.5072
106.5756
106.6440
106.7166
106.7847
106.8544
106.9282
107.0062
107.0742
107.1480
107.2153
107.2853
107.3757
107.4444
107.5271
107.6035
107.6885
107.7818
107.8595
107.9329
108.0021
108.0775
108.1503
108.2199
108.2945
108.3682
108.4523
108.5264
108.5943
108.6632
108.7367
108.8051
108.8729
108.9457
109.0133
109.0805
109.1531
109.2194
109.3094
109.3826
109.4487
109.5164
109.5887
109.6559
109.7235
109.7957
109.8658
109.9360
110.0077
110.0738
110.1396
110.2153
110.2815
110.3565
110.4285
110.4940
110.5603
110.6311
110.6969
110.7621
110.8406
110.9071
110.9716
111.0416
111.1057
111.1754
111.2410
111.3108
111.3853
111.4495
111.5196
111.5846
111.6503
111.7162
111.7867
111.8603
111.9485
112.0199
112.0893
112.1641
112.2492
112.3147
112.3812
112.4527
112.5186
112.5840
112.6548
112.7201
112.7855
112.8576
112.9238
112.9890
113.0600
113.1298
113.1951
113.2668
113.3312
113.4108
113.4821
113.5468
113.6106
113.6803
113.7489
113.8205
113.8902
113.9537
114.0180
114.0825
114.1562
114.2200
114.2845
114.3537
114.4183
114.4834
114.5485
114.6196
114.7033
114.7690
114.8434
114.9211
114.9869
115.0599
115.1298
115.2045
115.2772
115.3475
115.4280
115.4996
115.5694
115.6406
115.7127
115.7793
115.8556
115.9375
116.0042
116.0712
116.1444
116.2176
116.2855
116.3577
116.4282
116.4955
116.5695
116.6393
116.7079
116.7814
116.8652
116.9373
117.0109
117.0783
117.1509
117.2250
117.2933
117.3617
117.4360
117.5039
117.5720
117.6460
117.7124
117.7812
117.8561
117.9250
117.9949
118.0752
118.1434
118.2132
118.2922
118.3634
118.4325
118.5093
118.5825
118.6527
118.7284
118.7972
118.8651
118.9462
119.0164
119.0873
119.1632
119.2324
119.3037
119.3783
119.4522
119.5222
119.5975
119.6685
119.7371
119.8137
119.8875
119.9566
120.0323
120.1011
120.1787
120.2540
120.3231
120.4067
120.4824
120.5506
120.6187
120.6918
120.7694
120.8429
120.9213
120.9924
121.0629
121.1409
121.2085
121.2756
121.3516
121.4191
121.4858
121.5593
121.6402
121.7201
121.7939
121.8623
121.9294
122.0027
122.0754
122.1477
122.2211
122.2897
122.3592
122.4346
122.5033
122.5732
122.6544
122.7253
122.7986
122.8744
122.9434
123.0221
123.0998
123.1852
123.2578
123.3339
123.4046
123.4740
123.5529
123.6269
123.7060
123.7846
123.8622
123.9356
124.0156
124.0975
124.1685
124.2490
124.3192
124.3890
124.4659
124.5365
124.6159
124.6934
124.7685
124.8387
124.9213
124.9969
125.0753
125.1519
125.2216
125.2911
125.3671
125.4370
125.5209
125.5989
125.6694
125.7405
125.8175
125.9092
125.9795
126.0563
126.1266
126.2043
126.2868
126.3672
126.4696
126.5475
126.6183
126.7023
126.7799
126.8503
126.9212
126.9978
127.0760
127.1574
127.2357
127.3066
127.3771
127.4538
127.5340
127.6115
127.6956
127.7768
127.8542
127.9546
128.0410
128.1172
128.1978
128.2750
128.3555
128.4347
128.5069
128.5803
128.6611
128.7320
128.8027
128.8816
128.9527
129.0402
129.1209
129.1934
129.2804
129.3594
129.4392
129.5148
129.6002
129.6760
129.7520
129.8369
129.9112
129.9882
130.0724
130.1481
130.2242
130.3089
130.3853
130.4620
130.5550
130.6553
130.7336
130.8195
130.8953
130.9837
131.0716
131.1482
131.2235
131.3227
131.4059
131.4920
131.5787
131.6587
131.7436
131.8282
131.9029
131.9776
132.0587
132.1333
132.2096
132.2929
132.3667
132.4440
132.5310
132.6091
132.6887
132.7770
132.8595
132.9358
133.0198
133.1052
133.1909
133.2723
133.3617
133.4398
133.5224
133.5998
133.6873
133.7745
133.8523
133.9358
134.0214
134.0992
134.1771
134.2637
134.3409
134.4269
134.5129
134.5910
134.6737
134.7623
134.8445
134.9326
135.0174
135.0995
135.1819
135.2710
135.3515
135.4327
135.5202
135.6010
135.6916
135.7729
135.8601
135.9522
136.0390
136.1140
136.1952
136.2840
136.3604
136.4461
136.5285
136.6046
136.6813
136.7748
136.8530
136.9457
137.0285
137.1100
137.1862
137.2692
137.3552
137.4314
137.5154
137.6067
137.6846
137.7690
137.8459
137.9229
138.0052
138.0869
138.1643
138.2478
138.3287
138.4104
138.4987
138.5797
138.6608
138.7452
138.8266
138.9171
139.0052
139.0797
139.1542
139.2362
139.3263
139.4022
139.4834
139.5670
139.6433
139.7268
139.8029
139.8788
139.9714
140.0517
140.1331
140.2186
140.2985
140.3787
140.4669
140.5468
140.6245
140.7080
140.7833
140.8590
140.9459
141.0214
141.1058
141.1887
141.2630
141.3388
141.4192
141.4962
141.5773
141.6663
141.7466
141.8266
141.9168
141.9971
142.0788
142.1660
142.2489
142.3311
142.4176
142.5152
142.6148
142.7012
142.7952
142.8889
142.9780
143.0614
143.1452
143.2342
143.3157
143.3982
143.4853
143.5667
143.6528
143.7387
143.8474
143.9243
144.0065
144.0872
144.1741
144.2562
144.3410
144.4151
144.5004
144.5979
144.6894
144.7714
144.8460
144.9526
145.0343
145.1163
145.2050
145.2872
145.3603
145.4395
145.5177
145.5969
145.6826
145.7672
145.8547
145.9350
146.0319
146.1062
146.1950
146.2796
146.3544
146.4347
146.5174
146.6043
146.6840
146.7691
146.8467
146.9252
147.0096
147.0889
147.1635
147.2432
147.3189
147.3926
147.4718
147.5598
147.6386
147.7229
147.8014
147.8808
147.9618
148.0433
148.1163
148.1973
148.2757
148.3575
148.4417
148.5206
148.6000
148.6846
148.7729
148.8456
148.9258
148.9984
149.0867
149.1671
149.2433
149.3300
149.4094
149.4879
149.5664
149.6468
149.7199
149.8086
149.8891
149.9623
150.0450
150.1267
150.2094
150.2830
150.3679
150.4429
150.5200
150.6051
150.6798
150.7533
150.8324
150.9051
150.9935
151.0833
151.1562
151.2436
151.3239
151.3975
151.4846
151.5629
151.6372
151.7196
151.8008
151.8782
151.9640
152.0522
152.1304
152.2073
152.2904
152.3661
152.4487
152.5278
152.6060
152.6855
152.7693
152.8505
152.9277
153.0081
153.1121
153.1870
153.2653
153.3490
153.4259
153.5078
153.5854
153.6644
153.7525
153.8301
153.9084
153.9936
154.0664
154.1548
154.2394
154.3140
154.3879
154.4674
154.5417
154.6257
154.7090
154.7836
154.8668
154.9473
155.0200
155.0939
155.1726
155.2585
155.3371
155.4207
155.5043
155.5844
155.6680
155.7428
155.8455
155.9261
156.0145
156.1036
156.1873
156.2630
156.3383
156.4278
156.5086
156.5892
156.6764
156.7552
156.8348
156.9269
157.0058
157.0953
157.1766
157.2652
157.3669
157.4487
157.5257
157.6043
157.6990
157.7892
157.8646
157.9451
158.0195
158.1035
158.1898
158.2634
158.3385
158.4191
158.4952
158.5744
158.6614
158.7434
158.8332
158.9201
159.0011
159.0799
159.1627
159.2388
159.3145
159.8391
159.9527
160.0424
160.1334
160.2122
160.2973
160.3733
160.4526
160.5352
160.6155
160.6917
160.7766
160.8750
160.9509
161.0346
161.1270
161.2051
161.2915
161.3972
161.4788
161.5635
161.6628
161.7481
161.8302
161.9151
162.0009
162.0871
162.1698
162.2626
162.3457
162.4212
162.5015
162.5859
162.7046
162.7845
162.8674
162.9429
163.0232
163.1118
163.1998
163.2823
163.3685
163.4508
163.5410
163.6304
163.7155
163.8054
163.8880
163.9805
164.0572
164.1388
164.2146
164.3000
164.3822
164.4572
164.5328
164.6160
164.6981
164.7841
164.8691
164.9551
165.0555
165.1414
165.2173
165.2939
165.3799
165.4721
165.5487
165.6353
165.7216
165.7999
165.8951
165.9790
166.0627
166.1515
166.2336
166.3156
166.4056
166.4880
166.5810
166.6671
166.7513
166.8343
166.9242
167.0020
167.0797
167.1657
167.2436
167.3204
167.4052
167.4845
167.5664
167.6911
167.7839
167.8745
167.9576
168.0457
168.1342
168.2160
168.2934
168.3782
168.4785
168.5654
168.6508
168.7297
168.8285
168.9183
168.9982
169.0836
169.1693
169.2565
169.3354
169.4224
169.5353
169.6280
169.7196
169.8028
169.8852
169.9753
170.0726
170.1619
170.2517
170.3355
170.4251
170.5119
170.6267
170.7073
170.7966
170.8770
170.9720
171.0593
171.1473
171.2413
171.3278
171.4213
171.5070
171.5994
171.6848
171.7682
171.8605
171.9448
172.0244
172.1133
172.2029
172.2876
172.3772
172.4589
172.5398
172.6277
172.7097
172.7947
172.8816
172.9622
173.0476
173.1732
173.2635
173.3550
173.4400
173.5250
173.6162
173.7011
173.7807
173.8678
173.9572
174.0480
174.1363
174.2229
174.3036
174.3929
174.4825
174.5663
174.6545
174.7372
174.8255
174.9389
175.0249
175.1107
175.2080
175.2955
175.3760
175.4645
175.5452
175.6262
175.7140
175.7947
175.8889
175.9767
176.0573
176.1531
176.2465
176.3269
176.4172
176.5063
176.5866
176.6823
176.7705
176.8545
176.9442
177.0355
177.1321
177.2151
177.3036
177.3852
177.4664
177.5547
177.6439
177.7250
177.8134
177.8959
177.9797
178.0734
178.1561
178.2399
178.3313
178.4248
178.5088
178.6003
178.6842
178.7669
178.8625
178.9563
179.0569
179.1478
179.2300
179.3139
179.4052
179.4884
179.5796
179.6925
179.7860
179.8817
179.9752
180.0633
180.1565
180.2427
180.3230
180.4122
180.4937
180.5766
180.6655
180.7462
180.8312
180.9186
181.0043
181.0902
181.1781
181.2579
181.3532
181.4406
181.5210
181.6026
181.6899
181.7883
181.8780
181.9650
182.0460
182.1263
182.2146
182.2938
182.3750
182.4616
182.5422
182.6229
182.7093
182.7996
182.8864
182.9884
183.0887
183.1734
183.2657
183.3518
183.4326
183.5190
183.5997
183.6796
183.7715
183.8511
183.9310
184.0174
184.0982
184.1928
184.2816
184.3623
184.4655
184.5608
184.6483
184.7475
184.8404
184.9276
185.0086
185.0962
185.1781
185.2592
185.3463
185.4381
185.5181
185.6059
185.6909
185.7696
185.8570
185.9470
186.0253
186.1117
186.1912
186.2774
186.3608
186.4391
186.5173
186.6091
186.7098
186.7923
186.8818
186.9619
187.0464
187.1387
187.2237
187.3089
187.4008
187.4892
187.5842
187.6771
187.7731
187.8625
187.9507
188.0438
188.1236
188.2108
188.2892
188.3670
188.4592
188.5375
188.6321
188.7175
188.8206
188.9003
188.9878
189.0690
189.1628
189.2507
189.3346
189.4266
189.5360
189.6203
189.7001
189.7858
189.8643
189.9442
190.0896
190.2060
190.2912
190.3773
190.4544
190.5446
190.6229
190.7007
190.7855
190.8634
190.9414
191.0263
191.1053
191.1836
191.2686
191.3618
191.4498
191.5457
191.6301
191.7134
191.8023
191.8851
191.9652
192.0512
192.1418
192.2212
192.3062
192.3854
192.4646
192.5578
192.6560
192.7350
192.8334
192.9126
192.9952
193.0854
193.1786
193.2623
193.3522
193.4357
193.5243
193.6154
193.7100
193.7919
193.8777
193.9673
194.0468
194.1362
194.2176
194.2975
194.3856
194.4707
194.5525
194.6403
194.7259
194.8184
194.9109
195.0029
195.0874
195.1797
195.2641
195.3487
195.4393
195.5325
195.6131
195.6991
195.7881
195.8784
195.9674
196.0465
196.1283
196.2148
196.3080
196.4026
196.4892
196.5677
196.6457
196.7312
196.8095
196.8874
196.9724
197.0619
197.1410
197.2381
197.3296
197.4149
197.5022
197.5822
197.6759
197.7622
197.8463
197.9302
198.0222
198.1063
198.1893
198.2757
198.3578
198.4480
198.5579
198.6510
198.7413
198.8231
198.9027
198.9890
199.0898
199.1753
199.2842
199.3785
199.4690
199.5577
199.6532
199.7431
199.8336
199.9171
200.0191
200.1067
200.1927
200.2785
200.3683
200.4550
200.5405
200.6314
200.7171
200.8034
200.9018
200.9858
201.0654
201.1627
201.2430
201.3241
201.4139
201.4987
201.5826
201.6709
201.7536
201.8411
201.9280
202.0065
202.0960
202.1867
202.2738
202.3529
202.4396
202.5177
202.6128
202.7009
202.8011
202.8864
202.9784
203.0633
203.1423
203.2277
203.3160
203.3944
203.4809
203.5593
203.6469
203.7389
203.8301
203.9102
204.0062
204.0865
204.1711
204.2632
204.3477
204.4413
204.5350
204.6217
204.7009
204.7926
204.8752
204.9565
205.0451
205.1264
205.2070
205.2950
205.3847
205.4663
205.5586
205.6444
205.7340
205.8271
205.9234
206.0043
206.0921
206.1833
206.2663
206.3572
206.4528
206.5467
206.6362
206.7161
206.8139
206.9044
206.9887
207.0742
207.1649
207.2595
207.3439
207.4376
207.5189
207.5998
207.6887
207.7817
207.8674
207.9573
208.0513
208.1319
208.2227
208.3080
208.3942
208.4872
208.5758
208.6690
208.7627
208.8541
208.9489
209.0445
209.1432
209.2263
209.3169
209.4098
209.5142
209.6074
209.6936
209.7804
209.8732
209.9651
210.0508
210.1452
210.2248
210.3052
210.3940
210.4741
210.5551
210.6438
210.7235
210.8039
210.9018
210.9865
211.0669
211.1553
211.2496
211.3419
211.4312
211.5214
211.6094
211.7052
211.7875
211.8688
211.9586
212.0442
212.1253
212.2137
212.3025
212.3845
212.4730
212.5551
212.6519
212.7439
212.8330
212.9143
213.0035
213.0878
213.1683
213.2565
213.3473
213.4284
213.5172
213.6065
213.6887
213.7785
213.8606
213.9431
214.0390
214.1264
214.2134
214.3103
214.3976
214.4839
214.5817
214.6691
214.7649
214.8537
214.9349
215.0311
215.1177
215.2141
215.2950
215.3825
215.4732
215.5587
215.6533
215.7376
215.8250
215.9331
216.0235
216.1068
216.1946
216.2747
216.3545
216.4425
216.5261
216.6221
216.7120
216.7931
216.8789
216.9729
217.0698
217.1573
217.2504
217.3370
217.4226
217.5149
217.6022
217.6892
217.7806
217.8617
217.9429
218.0315
218.1246
218.2049
218.3056
218.4034
218.4849
218.5735
218.6614
218.7469
218.8354
218.9198
219.0068
219.1020
219.1833
219.2655
219.3555
219.4367
219.5184
219.6082
219.6893
219.7708
219.8612
219.9419
220.0285
220.1188
220.2056
220.2929
220.3864
220.4719
220.5575
220.6512
220.7773
220.8666
220.9533
221.0442
221.1356
221.2228
221.3078
221.3871
221.4744
221.5542
221.6395
221.7312
221.8104
221.8900
221.9830
222.0758
222.1585
222.2516
222.3365
222.4221
222.5082
222.5925
222.6835
222.7740
222.8516
222.9294
223.0157
223.1032
223.1808
223.2658
223.3435
223.4228
223.5099
223.5948
223.6775
223.7696
223.8524
223.9360
224.0266
224.1055
224.1941
224.2795
224.3571
224.4340
224.5197
224.5979
224.6792
224.7827
224.8624
224.9402
225.0293
225.1137
225.1978
225.2877
225.3758
225.4589
225.5453
225.6241
225.7094
225.8016
225.8805
225.9576
226.0436
226.1235
226.2009
226.2875
226.3670
226.4457
226.5386
226.6299
226.7141
226.8067
226.8906
226.9747
227.0659
227.1516
227.2459
227.3328
227.4276
227.5072
227.5946
227.6875
227.7751
227.8723
227.9663
228.0510
228.1416
228.2253
228.3099
228.4006
228.4785
228.5652
228.6509
228.7282
228.8063
228.8897
228.9677
229.0574
229.1489
229.2346
229.3145
229.3996
229.4769
229.5745
229.6605
229.7386
229.8328
229.9187
230.0083
230.0951
230.1815
230.2593
230.3513
230.4366
230.5319
230.6103
230.6946
230.7707
230.8488
230.9343
231.0184
231.1026
231.1918
231.2740
231.3557
231.4439
231.5255
231.6083
231.6928
231.7845
231.8672
231.9526
232.0344
232.1260
232.2161
232.2996
232.3820
232.4721
232.5553
232.6382
232.7253
232.8063
232.8808
232.9647
233.0407
233.1172
233.2053
233.2820
233.3569
233.4418
233.5191
233.5959
233.6803
233.7572
233.8318
233.9168
234.0089
234.0860
234.1703
234.2551
234.3401
234.4234
234.5042
234.5813
234.6658
234.7418
234.8172
234.9030
234.9801
235.0567
235.1415
235.2181
235.2928
235.3743
235.4641
235.5394
235.6205
235.7007
235.7814
235.8677
235.9433
236.0185
236.1005
236.1761
236.2618
236.3458
236.4222
236.5049
236.5871
236.6606
236.7352
236.8174
236.9027
236.9837
237.0718
237.1519
237.2327
237.3205
237.4003
237.4810
237.5628
237.6378
237.7128
237.7962
237.8839
237.9650
238.0484
238.1391
238.2186
238.3018
238.3760
238.4503
238.5383
238.6192
238.6999
238.7884
238.8684
238.9483
239.0364
239.1174
239.1980
239.2921
239.3753
239.4514
239.5348
239.6107
239.6858
239.7690
239.8531
239.9569
240.0443
240.1259
240.2074
240.2949
240.3802
240.4645
240.5506
240.6295
240.7047
240.7854
240.8592
240.9435
241.0243
241.0989
241.1728
241.2542
241.3275
241.4111
241.4968
241.6020
241.6908
241.7704
241.8543
241.9293
242.0095
242.0832
242.1567
242.2371
242.3178
242.4000
242.4802
242.5589
242.6464
242.7277
242.8151
242.8899
242.9701
243.0464
243.1216
243.2041
243.2854
243.3594
243.4396
243.5171
243.6051
243.6855
243.7629
243.8489
243.9348
244.0132
244.0924
244.1797
244.2592
244.3390
244.4261
244.5057
244.5869
244.6787
244.7652
244.8401
244.9215
244.9951
245.0697
245.1509
245.2252
245.3007
245.3860
245.4661
245.5454
245.6460
245.7205
245.8090
245.8896
245.9767
246.0511
246.1317
246.2139
246.2880
246.3681
246.4410
246.5200
246.6057
246.6848
246.7625
246.8464
246.9255
247.0029
247.0839
247.1567
247.2311
247.3116
247.3946
247.4832
247.5637
247.6391
247.7167
247.8000
247.8782
247.9564
248.0398
248.1189
248.2071
248.2895
248.3773
248.4511
248.5310
248.6135
248.6887
248.7693
248.8581
248.9306
249.0169
249.0951
249.1729
249.2566
249.3463
249.4248
249.5093
249.5950
249.6739
249.7562
249.8299
249.9034
249.9850
250.0650
250.1439
250.2263
250.3056
250.3834
250.4708
250.5498
250.6294
250.7196
250.7922
250.8989
250.9885
251.0620
251.1373
251.2188
251.2943
251.3694
251.4534
251.5602
251.6334
251.7344
251.8070
251.8807
251.9606
252.0386
252.1170
252.2050
252.2888
252.3754
252.4624
252.5363
252.6319
252.7166
252.7984
252.8727
252.9686
253.0455
253.1224
253.2077
253.2851
253.3619
253.4461
253.5258
253.6004
253.6850
253.7596
253.8346
253.9213
254.0110
254.0845
254.1733
254.2590
254.3442
254.4282
254.5092
254.6004
254.6900
254.7722
254.8599
254.9553
255.0350
255.1344
255.2170
255.2995
255.3840
255.4654
255.5398
255.6289
255.7099
255.7835
255.8570
255.9370
256.0099
256.0993
256.1791
256.2551
256.3294
256.4101
256.4965
256.5853
256.6664
256.7418
256.8167
256.8978
256.9703
257.0439
257.1240
257.1962
257.2782
257.3584
257.4390
257.5158
257.5989
257.6728
257.7536
257.8368
257.9085
257.9801
258.0640
258.1355
258.2192
258.3026
258.3751
258.4475
258.5276
258.5984
258.6819
258.7618
258.8352
258.9053
258.9858
259.0586
259.1303
259.2090
259.2796
259.3533
259.4321
259.5073
259.5810
259.6642
259.7385
259.8111
259.8992
259.9724
260.0455
260.1234
260.1963
260.2700
260.3519
260.4236
260.4958
260.5747
260.6547
260.7323
260.8137
260.8940
260.9712
261.0582
261.1372
261.2083
261.2855
261.3561
261.4256
261.5061
261.5748
261.6529
261.7344
261.8039
261.8730
261.9565
262.0259
262.0967
262.1797
262.2579
262.3380
262.4178
262.4943
262.5708
262.6512
262.7278
262.8246
262.9074
262.9835
263.0610
263.1429
263.2200
263.2930
263.3719
263.4421
263.5116
263.5935
263.6636
263.7339
263.8152
263.8860
263.9581
264.0407
264.1118
264.1843
264.2639
264.3473
264.4352
264.5188
264.5904
264.6615
264.7430
264.8133
264.8852
264.9649
265.0338
265.1032
265.1831
265.2520
265.3216
265.3994
265.4764
265.5573
265.6368
265.7113
265.7870
265.8677
265.9435
266.0213
266.1029
266.1812
266.2591
266.3434
266.4169
266.4897
266.5724
266.6500
266.7251
266.8090
266.8825
266.9556
267.0397
267.1131
267.1876
267.2692
267.3410
267.4116
267.4938
267.5676
267.6409
267.7296
267.8011
267.8725
267.9539
268.0264
268.0995
268.1846
268.2585
268.3326
268.4149
268.4950
268.5746
268.6624
268.7356
268.8175
268.8995
268.9866
269.0675
269.1625
269.2424
269.3208
269.4078
269.4871
269.5665
269.6547
269.7341
269.8124
269.8936
269.9639
270.0336
270.1126
270.1832
270.2546
270.3318
270.4027
270.4752
270.5536
270.6245
270.6960
270.7755
270.8449
270.9204
271.0005
271.0700
271.1393
271.2182
271.2863
271.3554
271.4339
271.5013
271.5684
271.6467
271.7151
271.7843
271.8626
271.9306
271.9996
272.0832
272.1521
272.2201
272.2973
272.3647
272.4323
272.5070
272.5751
272.6437
272.7232
272.7999
272.8672
272.9445
273.0124
273.0817
273.1580
273.2315
273.3018
273.3777
273.4538
273.5292
273.6141
273.6911
273.7596
273.8384
273.9228
273.9922
274.0696
274.1395
274.2224
274.3004
274.3685
274.4378
274.5210
274.5892
274.6588
274.7389
274.8061
274.8828
274.9601
275.0300
275.0981
275.1738
275.2482
275.3218
275.3980
275.4729
275.5460
275.6212
275.7083
275.7822
275.8635
275.9309
275.9994
276.0765
276.1432
276.2131
276.2906
276.3576
276.4244
276.5025
276.5679
276.6350
276.7143
276.7873
276.8625
276.9397
277.0147
277.0882
277.1648
277.2366
277.3039
277.3822
277.4503
277.5193
277.5990
277.6676
277.7372
277.8148
277.8838
277.9521
278.0306
278.1006
278.1710
278.2469
278.3139
278.3803
278.4559
278.5433
278.6172
278.6963
278.7684
278.8408
278.9206
278.9941
279.0686
279.1443
279.2118
279.2795
279.3578
279.4269
279.4958
279.5730
279.6438
279.7234
279.8044
279.8725
279.9423
280.0183
280.0860
280.1539
280.2303
280.3028
280.3769
280.4508
280.5233
280.5973
280.6723
280.7472
280.8220
280.9025
280.9762
281.0504
281.1293
281.1963
281.2637
281.3423
281.4075
281.4741
281.5477
281.6137
281.6807
281.7543
281.8203
281.8850
281.9574
282.0228
282.0929
282.1863
282.2586
282.3293
282.4080
282.4736
282.5443
282.6228
282.6900
282.7632
282.8414
282.9078
282.9743
283.0490
283.1182
283.1926
283.2700
283.3402
283.4112
283.4874
283.5553
283.6225
283.6972
283.7640
283.8313
283.9078
283.9775
284.0463
284.1227
284.1914
284.2644
284.3409
284.4140
284.4860
284.5584
284.6297
284.6999
284.7735
284.8440
284.9169
284.9902
285.0574
285.1239
285.1980
285.2654
285.3368
285.4159
285.4849
285.5542
285.6327
285.7013
285.7683
285.8431
285.9102
285.9804
286.0554
286.1273
286.1990
286.2724
286.3442
286.4165
286.4901
286.5625
286.6302
286.7044
286.7727
286.8418
286.9176
286.9888
287.0583
287.1349
287.2046
287.2824
287.3575
287.4268
287.4974
287.5833
287.6543
287.7254
287.8101
287.8829
287.9561
288.0360
288.1106
288.1843
288.2619
288.3326
288.4043
288.4850
288.5580
288.6300
288.7083
288.7800
288.8510
288.9291
289.0054
289.0865
289.1694
289.2582
289.3358
289.4189
289.4956
289.5720
289.6519
289.7255
289.8022
289.8840
289.9604
290.0466
290.1268
290.2005
290.2793
290.3649
290.4414
290.5231
290.6171
290.6942
290.7727
290.8575
290.9367
291.0210
291.1004
291.1861
291.2617
291.3521
291.4360
291.5071
291.5855
291.6564
291.7353
291.8175
291.8915
291.9656
292.0636
292.1382
292.2151
292.2953
292.3701
292.4391
292.5175
292.6054
292.6823
292.7664
292.8375
292.9093
292.9882
293.0622
293.1425
293.2202
293.2951
293.3811
293.4595
293.5298
293.6079
293.6928
293.7749
293.8471
293.9268
293.9996
294.0727
294.1516
294.2239
294.3050
294.3833
294.4557
294.5281
294.6080
294.6854
294.7644
294.8454
294.9192
294.9924
295.0726
295.1572
295.2334
295.3158
295.3910
295.4654
295.5460
295.6220
295.6972
295.7780
295.8527
295.9370
296.0185
296.0932
296.1687
296.2488
296.3377
296.4123
296.4932
296.5823
296.6575
296.7409
296.8165
296.8988
296.9858
297.0678
297.1431
297.2230
297.2972
297.3720
297.4528
297.5321
297.6119
297.6973
297.7752
297.8536
297.9391
298.0270
298.1011
298.1867
298.2598
298.3344
298.4145
298.4888
298.5779
298.6603
298.7350
298.8171
298.8976
298.9711
299.0583
299.1384
299.2300
299.3175
299.4211
299.5062
299.5875
299.6733
299.7524
299.8469
299.9283
300.0035
300.0789
300.1619
300.2378
300.3120
300.3938
300.4682
300.5528
300.6343
300.7277
300.8125
300.8936
300.9876
301.0727
301.1550
301.2294
301.3150
301.3975
301.4825
301.5634
301.6497
301.7272
301.8070
301.8940
301.9747
302.0596
302.1455
302.2378
302.3175
302.4047
302.4823
302.5623
302.6479
302.7233
302.7977
302.8810
302.9559
303.0302
303.1122
303.1866
303.2604
303.3396
303.4194
303.4941
303.5748
303.6580
303.7429
303.8239
303.8996
303.9834
304.0657
304.1410
304.2159
304.2981
304.3731
304.4627
304.5433
304.6181
304.6971
304.7781
304.8632
304.9384
305.0248
305.1060
305.1853
305.2717
305.3479
305.4236
305.5043
305.5787
305.6542
305.7363
305.8343
305.9092
305.9943
306.0707
306.1551
306.2386
306.3186
306.3987
306.5009
306.5822
306.6578
306.7430
306.8179
306.8955
306.9797
307.0602
307.1508
307.2344
307.3135
307.3993
307.4873
307.5671
307.6472
307.7322
307.8118
307.8918
307.9797
308.0607
308.1379
308.2267
308.3044
308.3803
308.4651
308.5407
308.6268
308.7104
308.7870
308.8645
308.9521
309.0343
309.1162
309.2150
309.3024
309.3848
309.4724
309.5513
309.6331
309.7221
309.8091
309.8982
309.9828
310.0714
310.1500
310.2425
310.3328
310.4153
310.4972
310.5865
310.6659
310.7684
310.8478
310.9277
311.0154
311.0993
311.1931
311.2813
311.3668
311.4463
311.5276
311.6123
311.7021
311.7852
311.8614
311.9456
312.0283
312.1038
312.1866
312.2665
312.3498
312.4229
312.5043
312.5908
312.6644
312.7470
312.8211
312.9046
312.9843
313.0875
313.1609
313.2448
313.3190
313.4014
313.4810
313.5546
313.6331
313.7289
313.8086
313.8873
313.9806
314.0609
314.1404
314.2257
314.3052
314.3813
314.4607
314.5334
314.6236
314.7081
314.7810
314.8678
314.9509
315.0286
315.1050
315.1850
315.2619
315.3521
315.4402
315.5217
315.6026
315.6815
315.7593
315.8461
315.9240
315.9957
316.0675
316.1470
316.2218
316.2941
316.3747
316.4473
316.5202
316.5985
316.6861
316.7594
316.8373
316.9113
316.9913
317.0779
317.1559
317.2346
317.3152
317.3947
317.4717
317.5541
317.6430
317.7165
317.7953
317.8701
317.9438
318.0243
318.1028
318.1904
318.2747
318.3515
318.4286
318.5494
318.6588
318.7445
318.8231
318.9087
318.9880
319.0595
319.1474
319.2261
319.2999
319.3823
319.4631
319.5561
319.6386
319.7179
319.7911
319.8642
319.9420
320.0287
320.1008
320.1788
320.2591
320.3319
320.4155
320.4900
320.5629
320.6427
320.7163
320.8037
320.8835
320.9562
321.0301
321.1094
321.1854
321.2653
321.3434
321.4237
321.5036
321.5815
321.6552
321.7280
321.8069
321.8850
321.9627
322.0440
322.1258
322.2031
322.2829
322.3657
322.4367
322.5143
322.5872
322.6740
322.7584
322.8320
322.9082
322.9944
323.0716
323.1491
323.2306
323.3073
323.3893
323.4671
323.5497
323.6232
323.7011
323.7729
323.8502
323.9303
324.0051
324.0783
324.1584
324.2321
324.3045
324.3834
324.4828
324.5556
324.6360
324.7145
324.7923
324.8738
324.9509
325.0279
325.1094
325.1875
325.2639
325.3459
325.4196
325.4979
325.5787
325.6518
325.7264
325.8192
325.8921
325.9654
326.0450
326.1181
326.1919
326.2747
326.3529
326.4314
326.5130
326.5903
326.6680
326.7501
326.8263
326.9111
326.9895
327.0676
327.1425
327.2231
327.3057
327.3804
327.4707
327.5466
327.6211
327.7028
327.7760
327.8537
327.9351
328.0079
328.0816
328.1646
328.2373
328.3205
328.3994
328.4722
328.5499
328.6317
328.7049
328.7917
328.8736
328.9484
329.0230
329.1043
329.1793
329.2683
329.3543
329.4300
329.5082
329.6019
329.6823
329.7610
329.8490
329.9298
330.0043
330.0853
330.1656
330.2412
330.3252
330.4173
330.5065
330.5880
330.6674
330.7468
330.8320
330.9116
330.9960
331.0974
331.1788
331.2598
331.3463
331.4284
331.5061
331.5889
331.6650
331.7401
331.8268
331.9114
331.9873
332.0681
332.1534
332.2309
332.3190
332.3980
332.4785
332.5717
332.6525
332.7635
332.8472
332.9573
333.0364
333.1209
333.2024
333.2833
333.3703
333.4558
333.5373
333.6242
333.7136
333.7924
333.8732
333.9495
334.0390
334.1197
334.2109
334.2875
334.3686
334.4444
334.5244
334.6112
334.6922
334.7729
334.8637
334.9435
335.0230
335.1093
335.1857
335.2612
335.3478
335.4288
335.5038
335.5904
335.6662
335.7413
335.8244
335.9014
335.9779
336.0600
336.1372
336.2264
336.3149
336.4067
336.4886
336.5780
336.6550
336.7326
336.8185
336.9084
336.9859
337.0775
337.1684
337.2447
337.3428
337.4236
337.5046
337.5933
337.6737
337.7554
337.8395
337.9212
338.0115
338.0966
338.1824
338.2720
338.3544
338.4330
338.5091
338.5921
338.6739
338.7519
338.8373
338.9156
339.0033
339.0890
339.1664
339.2439
339.3278
339.4168
339.4996
339.5847
339.6668
339.7487
339.8309
339.9075
339.9986
340.0820
340.1732
340.2547
340.3370
340.4270
340.5037
340.5868
340.6624
340.7383
340.8210
340.8972
340.9732
341.0617
341.1515
341.2274
341.3094
341.3846
341.4602
341.5418
341.6170
341.7047
341.7853
341.8746
341.9567
342.0425
342.1219
342.1994
342.2819
342.3606
342.4425
342.5239
342.5984
342.6715
342.7551
342.8487
342.9230
343.0029
343.0782
343.1634
343.2443
343.3218
343.4001
343.4822
343.5609
343.6437
343.7298
343.8092
343.8892
343.9729
344.0487
344.1253
344.2104
344.2871
344.3635
344.4458
344.5224
344.6153
344.7023
344.7897
344.8700
344.9593
345.0396
345.1272
345.2105
345.2876
345.3657
345.4489
345.5294
345.6053
345.6883
345.7648
345.8407
345.9274
346.0082
346.0892
346.1782
346.2599
346.3424
346.4258
346.5088
346.5848
346.6648
346.7544
346.8394
346.9205
347.0042
347.0838
347.1704
347.2494
347.3335
347.4170
347.5047
347.5896
347.6710
347.7446
347.8212
347.9036
347.9881
348.0824
348.1628
348.2368
348.3209
348.4058
348.4841
348.5627
348.6434
348.7238
348.8126
348.8913
348.9663
349.0406
349.1224
349.1964
349.2767
349.3565
349.4291
349.5027
349.5826
349.6594
349.7536
349.8358
349.9130
349.9886
350.0726
350.1583
350.2741
350.3547
350.4477
350.5266
350.6120
350.6921
350.7727
350.8623
350.9464
351.0215
351.1063
351.1832
351.2749
351.3570
351.4485
351.5250
351.6108
351.6933
351.7739
351.8584
351.9434
352.0234
352.1122
352.1928
352.2796
352.3652
352.4413
352.5330
352.6173
352.6935
352.7738
352.8584
352.9347
353.0196
353.1025
353.1854
353.2709
353.3590
353.4403
353.5323
353.6329
353.7156
353.7961
353.8819
353.9734
354.0659
354.1520
354.2343
354.3114
354.3942
354.5060
354.5825
354.6650
354.7559
354.8376
354.9207
355.0040
355.0940
355.1771
355.2702
355.3632
355.4464
355.5327
355.6209
355.7041
355.7861
355.8634
355.9473
356.0281
356.1051
356.1898
356.2704
356.3466
356.4276
356.5041
356.5799
356.6618
356.7430
356.8256
356.9141
356.9948
357.1030
357.1908
357.2701
357.3636
357.4465
357.5248
357.6013
357.6839
357.7725
357.8483
357.9307
358.0078
358.0830
358.1661
358.2886
358.3733
358.4602
358.5511
358.6318
358.7211
358.8246
358.9010
358.9862
359.0633
359.1403
359.2245
359.2999
359.3827
359.4664
359.5447
359.6263
359.7133
359.7940
359.8759
359.9653
360.0464
360.1277
360.2164
360.3120
360.3885
360.4709
360.5477
360.6228
360.7052
360.7812
360.8574
360.9403
361.0156
361.0910
361.1890
361.2624
361.3511
361.4311
361.5080
361.5839
361.6678
361.7473
361.8282
361.9297
362.0089
362.0884
362.1732
362.2626
362.3519
362.4340
362.5100
362.5842
362.6650
362.7461
362.8221
362.9041
362.9843
363.0633
363.1471
363.2251
363.3048
363.3894
363.4643
363.5519
363.6335
363.7120
363.7928
363.8754
363.9530
364.0427
364.1205
364.1988
364.2773
364.3679
364.4502
364.5224
364.6015
364.6792
364.7550
364.8448
364.9322
365.0052
365.0844
365.1759
365.2781
365.3568
365.4310
365.5129
365.5997
365.6762
365.7531
365.8331
365.9281
366.0039
366.0858
366.1734
366.2447
366.3235
366.3966
366.4719
366.5542
366.6275
366.7015
366.7814
366.8673
366.9398
367.0179
367.1070
367.1789
367.2592
367.3425
367.4234
367.5038
367.5792
367.6628
367.7404
367.8130
367.8864
367.9651
368.0426
368.1205
368.1996
368.2836
368.3570
368.4371
368.5088
368.5868
368.6652
368.7380
368.8119
368.8919
368.9657
369.0385
369.1162
369.1898
369.2668
369.3575
369.4390
369.5167
369.5958
369.6681
369.7544
369.8329
369.9053
369.9784
370.0559
370.1430
370.2284
370.3068
370.3875
370.4891
370.5658
370.6366
370.7207
370.7986
370.8965
370.9678
371.0437
371.1345
371.2056
371.2829
371.3519
371.4233
371.5106
371.5812
371.6602
371.7388
371.8085
371.8774
371.9522
372.0223
372.1256
372.2027
372.2720
372.3417
372.4166
372.4897
372.5589
372.6351
372.7076
372.7755
372.8516
372.9203
372.9907
373.0659
373.1346
373.2027
373.2777
373.3549
373.4225
373.5006
373.5688
373.6378
373.7118
373.7805
373.8499
373.9253
373.9975
374.0701
374.1452
374.2261
374.3007
374.3755
374.4436
374.5171
374.5994
374.6725
374.7453
374.8259
374.8987
374.9722
375.0478
375.1211
375.1940
375.2682
375.3366
375.4045
375.4779
375.5590
375.6354
375.7100
375.7779
375.8719
375.9447
376.0146
376.0832
376.1571
376.2302
376.3024
376.3765
376.4503
376.5223
376.6020
376.6713
376.7395
376.8139
376.9068
376.9879
377.0620
377.1307
377.1981
377.2732
377.3437
377.4162
377.4958
377.5687
377.6461
377.7213
377.7951
377.8665
377.9393
378.0110
378.0843
378.1577
378.2297
378.3010
378.3738
378.4423
378.5372
378.6115
378.6844
378.7606
378.8359
378.9029
378.9888
379.0628
379.1398
379.2079
379.2826
379.3653
379.4462
379.5223
379.6012
379.6703
379.7505
379.8207
379.9013
379.9780
380.0511
380.1250
380.1989
380.2715
380.3444
380.4198
380.4926
380.5659
380.6415
380.7214
380.7952
380.8774
380.9522
381.0220
381.0983
381.1819
381.2528
381.3303
381.4000
381.4693
381.5446
381.6205
381.7001
381.7771
381.8519
381.9251
382.0069
382.0831
382.1577
382.2351
382.3071
382.3785
382.4539
382.5253
382.5948
382.6755
382.7522
382.8271
382.9082
382.9824
383.0557
383.1386
383.2264
383.2964
383.3778
383.4525
383.5262
383.6049
383.7063
383.7799
383.8618
383.9367
384.0064
384.0825
384.1521
384.2231
384.2983
384.3690
384.4527
384.5271
384.6027
384.6810
384.7587
384.8319
384.9064
384.9873
385.0627
385.1380
385.2172
385.2877
385.3706
385.4465
385.5323
385.6026
385.6838
385.7532
385.8259
385.9040
385.9770
386.0491
386.1236
386.1955
386.2764
386.3519
386.4208
386.4909
386.5669
386.6568
386.7262
386.8018
386.8983
386.9678
387.0426
387.1133
387.1838
387.2651
387.3471
387.4206
387.5013
387.5753
387.6542
387.7317
387.8066
387.8824
387.9587
388.0293
388.1004
388.1774
388.2570
388.3273
388.4089
388.4852
388.5741
388.6599
388.7348
388.8178
388.8989
388.9858
389.0914
389.1714
389.2426
389.3215
389.3990
389.4700
389.5429
389.6243
389.7079
389.7832
389.8642
389.9411
390.0164
390.0961
390.1707
390.2458
390.3273
390.4012
390.4720
390.5482
390.6238
390.6944
390.7712
390.8424
390.9268
391.0033
391.0823
391.1523
391.2261
391.2951
391.3662
391.4416
391.5121
391.5877
391.6642
391.7386
391.8118
391.8861
391.9588
392.0325
392.1077
392.1815
392.2551
392.3336
392.4048
392.4754
392.5574
392.6369
392.7201
392.7956
392.8673
392.9473
393.0235
393.0979
393.1720
393.2474
393.3196
393.3952
393.4756
393.5479
393.6194
393.6938
393.7645
393.8426
393.9315
394.0033
394.0744
394.1558
394.2394
394.3238
394.4055
394.4803
394.5570
394.6386
394.7143
394.7856
394.8650
394.9414
395.0293
395.1094
395.1848
395.2637
395.3440
395.4180
395.4939
395.5752
395.6543
395.7399
395.8199
395.9084
395.9862
396.0666
396.1588
396.2316
396.3166
396.3962
396.4702
396.5498
396.6240
396.7078
396.7870
396.8643
396.9411
397.0204
397.0986
397.1829
397.2678
397.3422
397.4160
397.4961
397.5702
397.6436
397.7234
397.7987
397.8747
397.9596
398.0411
398.1168
398.1998
398.2723
398.3688
398.4456
398.5274
398.6019
398.6810
398.7686
398.8435
398.9226
398.9954
399.0820
399.1603
399.2473
399.3205
399.3992
399.4721
399.5456
399.6259
399.6999
399.7814
399.8601
399.9334
400.0232
400.1070
400.1857
400.2637
400.3494
400.4269
400.5056
400.6036
400.6882
400.7629
400.8427
400.9155
401.0021
401.0818
401.1598
401.2720
401.3586
401.4383
401.5223
401.6136
401.6888
401.7681
401.8482
401.9265
402.0061
402.0806
402.1555
402.2425
402.3189
402.3930
402.4729
402.5465
402.6203
402.7116
402.7874
402.8609
402.9394
403.0144
403.0926
403.2119
403.2930
403.3707
403.4511
403.5252
403.5993
403.6814
403.7705
403.8458
403.9257
404.0011
404.0759
404.1562
404.2423
404.3209
404.4016
404.4867
404.5676
404.6636
404.7428
404.8236
404.9111
404.9914
405.0664
405.1479
405.2226
405.2982
405.3839
405.4618
405.5460
405.6285
405.7072
405.7876
405.8746
405.9531
406.0305
406.1265
406.2060
406.2868
406.3748
406.4593
406.5351
406.6168
406.6930
406.7796
406.8657
406.9469
407.0271
407.1133
407.1920
407.2722
407.3577
407.4382
407.5139
407.6005
407.6753
407.7588
407.8413
407.9246
407.9977
408.0786
408.1679
408.2430
408.3301
408.4095
408.4876
408.5728
408.6515
408.7360
408.8151
408.9042
408.9775
409.0594
409.1330
409.2176
409.2987
409.3730
409.4489
409.5298
409.6090
409.6894
409.7742
409.8580
409.9364
410.0220
410.0970
410.1854
410.2671
410.3421
410.4261
410.5075
410.5960
410.6768
410.7632
410.8428
410.9232
411.0152
411.0943
411.1752
411.2565
411.3320
411.4106
411.5077
411.5954
411.6744
411.7619
411.8422
411.9267
412.0086
412.0828
412.1637
412.2452
412.3200
412.3959
412.4764
412.5515
412.6355
412.7212
412.7968
412.8813
412.9647
413.0424
413.1193
413.2016
413.2904
413.3759
413.4590
413.5352
413.6148
413.7041
413.7796
413.8548
413.9413
414.0215
414.0969
414.1790
414.2540
414.3367
414.4252
414.5017
414.5830
414.6706
414.7510
414.8312
414.9165
414.9964
415.0800
415.1624
415.2374
415.3115
415.3923
415.4861
415.5615
415.6409
415.7162
415.7919
415.8730
415.9525
416.0332
416.1192
416.2019
416.2762
416.3567
416.4457
416.5260
416.6063
416.6903
416.7643
416.8451
416.9199
416.9943
417.0740
417.1500
417.2255
417.3071
417.3820
417.4676
417.5599
417.6411
417.7223
417.8079
417.8868
417.9678
418.0479
418.1226
418.2037
418.2900
418.3656
418.4410
418.5269
418.6112
418.7014
418.7811
418.8563
418.9312
419.0107
419.0840
419.1692
419.2480
419.3242
419.4020
419.4848
419.5628
419.6454
419.7284
419.8012
419.8742
419.9519
420.0245
420.1109
420.1880
420.2619
420.3336
420.4124
420.4850
420.5571
420.6361
420.7268
420.8095
420.8898
420.9661
421.0392
421.1191
421.1929
421.2666
421.3455
421.4335
421.5074
421.5871
421.6601
421.7464
421.8286
421.9023
421.9752
422.0546
422.1291
422.2038
422.2836
422.3662
422.4394
422.5201
422.5938
422.6840
422.7877
422.8618
422.9417
423.0226
423.1110
423.2055
423.2877
423.3629
423.4365
423.5169
423.6007
423.6765
423.7564
423.8313
423.9147
423.9967
424.0849
424.1604
424.2461
424.3303
424.4090
424.4934
424.5726
424.6508
424.7350
424.8128
424.8913
424.9833
425.0574
425.1327
425.2151
425.2936
425.3842
425.4679
425.5434
425.6198
425.7195
425.8022
425.8823
425.9712
426.0602
426.1420
426.2263
426.3033
426.3802
426.4676
426.5474
426.6307
426.7142
426.7976
426.8758
426.9616
427.0405
427.1218
427.2089
427.2898
427.3683
427.4550
427.5344
427.6152
427.7056
427.7871
427.8753
427.9642
428.0462
428.1403
428.2277
428.3101
428.3949
428.4854
428.5677
428.6524
428.7435
428.8476
428.9379
429.0355
429.1212
429.2069
429.2991
429.3830
429.4686
429.5582
429.6440
429.7371
429.8277
429.9132
429.9980
430.0964
430.1834
430.2704
430.3642
430.4505
430.5373
430.6308
430.7191
430.8046
430.8989
430.9845
431.0706
431.1685
431.2548
431.3410
431.4336
431.5188
431.6013
431.6929
431.7762
431.8593
431.9507
432.0330
432.1160
432.2069
432.2953
432.3783
432.4748
432.5647
432.6517
432.7505
432.8387
432.9263
433.0246
433.1135
433.2030
433.3096
433.4009
433.4958
433.5907
433.6822
433.7643
433.8522
433.9331
434.0157
434.1050
434.1997
434.2818
434.3701
434.4525
434.5367
434.6354
434.7192
434.8080
434.9042
434.9852
435.0672
435.1566
435.2389
435.3212
435.4112
435.4928
435.5895
435.6814
435.7704
435.8659
435.9540
436.0510
436.1333
436.2229
436.3051
436.3924
436.4879
436.5753
436.6650
436.7714
436.8627
436.9545
437.0577
437.1420
437.2245
437.3122
437.4148
437.4975
437.5858
437.6679
437.7617
437.8509
437.9310
438.0272
438.1392
438.2206
438.3119
438.3926
438.4881
438.5758
438.6593
438.7398
438.8281
438.9135
438.9993
439.1071
439.1933
439.2732
439.3614
439.4465
439.5265
439.6134
439.7107
439.7995
439.8886
439.9677
440.0490
440.1412
440.2274
440.3127
440.4030
440.4949
440.5805
440.6702
440.7531
440.8574
440.9456
441.0256
441.1056
441.1929
441.2835
441.3740
441.4643
441.5456
441.6277
441.7195
441.8065
441.9031
442.0094
442.0945
442.1875
442.2757
442.3711
442.4604
442.5427
442.6238
442.7192
442.8004
442.8812
442.9691
443.0488
443.1297
443.2180
443.3070
443.3853
443.4709
443.5504
443.6317
443.7219
443.8096
443.8952
444.0087
444.1014
444.1945
444.2830
444.3702
444.4619
444.5470
444.6375
444.7250
444.8057
444.8947
444.9840
445.0692
445.1559
445.2545
445.3420
445.4269
445.5198
445.6004
445.6881
445.7760
445.8567
445.9426
446.0379
446.1251
446.2121
446.3155
446.4019
446.4964
446.5844
446.6652
446.7452
446.8334
446.9198
447.0158
447.1057
447.1917
447.2773
447.3815
447.4673
447.5542
447.6482
447.7635
447.8445
447.9320
448.0198
448.1024
448.1928
448.2816
448.3631
448.4706
448.5704
448.6579
448.7523
448.8482
448.9423
449.0357
449.1310
449.2298
449.3215
449.4054
449.4976
449.5876
449.6794
449.7619
449.8522
449.9344
450.0179
450.1083
450.1963
450.2876
450.3807
450.4781
450.5677
450.6640
450.7525
450.8484
450.9403
451.0279
451.1154
451.2052
451.3022
451.3849
451.4735
451.5563
451.6508
451.7400
451.8232
451.9053
451.9942
452.0767
452.1611
452.2492
452.3433
452.4251
452.5137
452.6088
452.7016
452.7991
452.8893
452.9710
453.0604
453.1487
453.2363
453.3256
453.4137
453.4954
453.5848
453.6683
453.7515
453.8425
453.9259
454.0093
454.1000
454.1835
454.2672
454.3763
454.4616
454.5451
454.6475
454.7372
